Subject:  v18i062:  GL Graphics Library for AT-clone Unix, Part04/07
Newsgroups: comp.sources.unix
Sender: sources
Approved: rsalz@uunet.UU.NET

Submitted-by: umix!m-net!dtlewis!lewis
Posting-number: Volume 18, Issue 62
Archive-name: gl_plot/part04

# To recover, type "sh archive"
echo restoring font.h
sed 's/^X//' > font.h <<XxX--EOF--XxX
X/*	@(#) font.h 5.1 89/02/20	*/
X/*  
X * From _Graphics_in_C_, by Nelson Johnson, 1987, McGraw-Hill, p. 592. 
X * Use is subject to conditions stated in that text.
X * Note:  The author's copyright presumes that you bought the book, which
X * is worth doing in any case.
X *
X * FONT.H contains the standard character set from ASCII 0 through 127.
X */
X
X/* This file contains the declaration for font data used by n_gfchar.c.	*/
X/* It is declared static so that other routines do not see the symbol	*/
X/* "stroke."  Only the n_gfchar.c file should include this file!	*/
X
X/* FONTSIZE is used in n_grafchar() to bias slanted characters, to put	*/
X/* them in the right location in the character cell.			*/
X
X#define FONTSIZE (6)
X
Xstatic unsigned stroke[128][36] = {
X/* 0 */
X65535,65535,65535,65535,65535,65535,65535,65535,65535,
X65535,65535,65535,65535,65535,65535,65535,65535,65535,
X65535,65535,65535,65535,65535,65535,65535,65535,65535,
X65535,65535,65535,65535,65535,65535,65535,65535,65535,
X/* 1 */
X262,1559,5991,26486,30321,29024,24592,4097,8754,
X9525,16965,17748,21587,21314,65535,65535,65535,65535,
X65535,65535,65535,65535,65535,65535,65535,65535,65535,
X65535,65535,65535,65535,65535,65535,65535,65535,65535,
X/* 2 */
X262,1559,5991,26486,30321,29024,24592,4097,4371,
X4899,8993,8465,5142,5670,9764,9236,16710,18005,
X21842,21057,65535,65535,65535,65535,65535,65535,65535,
X65535,65535,65535,65535,65535,65535,65535,65535,65535,
X/* 3 */
X258,531,4868,1029,1302,5686,13923,25392,12304,
X4097,65535,65535,65535,65535,65535,65535,65535,65535,
X65535,65535,65535,65535,65535,65535,65535,65535,65535,
X65535,65535,65535,65535,65535,65535,65535,65535,65535,
X/* 4 */
X822,13923,25392,12291,65535,65535,65535,65535,65535,
X65535,65535,65535,65535,65535,65535,65535,65535,65535,
X65535,65535,65535,65535,65535,65535,65535,65535,65535,
X65535,65535,65535,65535,65535,65535,65535,65535,65535,
X/* 5 */
X516,1045,5412,9268,13366,13894,18020,25698,25152,
X16432,12338,12834,8721,4354,65535,65535,65535,65535,
X65535,65535,65535,65535,65535,65535,65535,65535,65535,
X65535,65535,65535,65535,65535,65535,65535,65535,65535,
X/* 6 */
X787,4934,18020,25717,30065,29026,25152,16403,65535,
X65535,65535,65535,65535,65535,65535,65535,65535,65535,
X65535,65535,65535,65535,65535,65535,65535,65535,65535,
X65535,65535,65535,65535,65535,65535,65535,65535,65535,
X/* 7 */
X8996,9269,13637,17748,21587,21314,16946,12835,65535,
X65535,65535,65535,65535,65535,65535,65535,65535,65535,
X65535,65535,65535,65535,65535,65535,65535,65535,65535,
X65535,65535,65535,65535,65535,65535,65535,65535,65535,
X/* 8 */
X7,1911,30576,28672,8741,9526,13894,18005,21842,
X21057,16689,12578,65535,65535,65535,65535,65535,65535,
X65535,65535,65535,65535,65535,65535,65535,65535,65535,
X65535,65535,65535,65535,65535,65535,65535,65535,65535,
X/* 9 */
X4629,5413,9510,9814,22101,21861,25954,25170,21073,
X20769,8482,8722,65535,65535,65535,65535,65535,65535,
X65535,65535,65535,65535,65535,65535,65535,65535,65535,
X65535,65535,65535,65535,65535,65535,65535,65535,65535,
X/* 10 */
X1,273,4368,4096,1543,1815,5910,5638,24673,
X24945,29040,28768,26215,26487,30582,30310,8996,9269,
X13637,17748,21587,21314,16946,12835,65535,65535,65535,
X65535,65535,65535,65535,65535,65535,65535,65535,65535,
X/* 11 */
X1031,1831,13063,12596,13381,17765,25972,29809,29024,
X24640,16433,65535,65535,65535,65535,65535,65535,65535,
X65535,65535,65535,65535,65535,65535,65535,65535,65535,
X65535,65535,65535,65535,65535,65535,65535,65535,65535,
X/* 12 */
X517,1302,5686,13908,21297,12561,4354,21363,21620,
X24934,65535,65535,65535,65535,65535,65535,65535,65535,
X65535,65535,65535,65535,65535,65535,65535,65535,65535,
X65535,65535,65535,65535,65535,65535,65535,65535,65535,
X/* 13 */
X519,1831,10018,8706,8802,25201,29040,28768,24657,
X20818,65535,65535,65535,65535,65535,65535,65535,65535,
X65535,65535,65535,65535,65535,65535,65535,65535,65535,
X65535,65535,65535,65535,65535,65535,65535,65535,65535,
X/* 14 */
X519,1879,22374,26213,25941,21830,17991,8743,610,
X25201,29040,28768,24657,20818,65535,65535,65535,65535,
X65535,65535,65535,65535,65535,65535,65535,65535,65535,
X65535,65535,65535,65535,65535,65535,65535,65535,65535,
X/* 15 */
X8741,9557,21842,21026,34,803,1060,1829,14133,
X18245,30549,29780,29523,28754,16450,12338,65535,65535,
X65535,65535,65535,65535,65535,65535,65535,65535,65535,
X65535,65535,65535,65535,65535,65535,65535,65535,65535,
X/* 16 */
X54,13920,65535,65535,65535,65535,65535,65535,65535,
X65535,65535,65535,65535,65535,65535,65535,65535,65535,
X65535,65535,65535,65535,65535,65535,65535,65535,65535,
X65535,65535,65535,65535,65535,65535,65535,65535,65535,
X/* 17 */
X1584,12390,65535,65535,65535,65535,65535,65535,65535,
X65535,65535,65535,65535,65535,65535,65535,65535,65535,
X65535,65535,65535,65535,65535,65535,65535,65535,65535,
X65535,65535,65535,65535,65535,65535,65535,65535,65535,
X/* 18 */
X772,1062,9764,9300,21590,22132,29811,29521,20819,
X21283,8993,8451,65535,65535,65535,65535,65535,65535,
X65535,65535,65535,65535,65535,65535,65535,65535,65535,
X65535,65535,65535,65535,65535,65535,65535,65535,65535,
X/* 19 */
X258,578,16961,16641,24930,1286,1606,17989,17669,
X25958,65535,65535,65535,65535,65535,65535,65535,65535,
X65535,65535,65535,65535,65535,65535,65535,65535,65535,
X65535,65535,65535,65535,65535,65535,65535,65535,65535,
X/* 20 */
X263,1895,272,4128,8241,12599,1124,65535,65535,
X65535,65535,65535,65535,65535,65535,65535,65535,65535,
X65535,65535,65535,65535,65535,65535,65535,65535,65535,
X65535,65535,65535,65535,65535,65535,65535,65535,65535,
X/* 21 */
X5894,1538,529,4386,8740,9269,13637,17748,24689,
X29044,29797,25940,21586,21057,16689,12578,65535,65535,
X65535,65535,65535,65535,65535,65535,65535,65535,65535,
X65535,65535,65535,65535,65535,65535,65535,65535,65535,
X/* 22 */
X16710,18022,26209,24897,20822,65535,65535,65535,65535,
X65535,65535,65535,65535,65535,65535,65535,65535,65535,
X65535,65535,65535,65535,65535,65535,65535,65535,65535,
X65535,65535,65535,65535,65535,65535,65535,65535,65535,
X/* 23 */
X772,1062,9764,9284,17478,18020,25699,25409,16707,
X17187,8993,8451,28791,65535,65535,65535,65535,65535,
X65535,65535,65535,65535,65535,65535,65535,65535,65535,
X65535,65535,65535,65535,65535,65535,65535,65535,65535,
X/* 24 */
X772,1062,9764,9316,25699,25379,8993,8451,65535,
X65535,65535,65535,65535,65535,65535,65535,65535,65535,
X65535,65535,65535,65535,65535,65535,65535,65535,65535,
X65535,65535,65535,65535,65535,65535,65535,65535,65535,
X/* 25 */
X772,1092,17478,18020,25699,25409,16707,17155,65535,
X65535,65535,65535,65535,65535,65535,65535,65535,65535,
X65535,65535,65535,65535,65535,65535,65535,65535,65535,
X65535,65535,65535,65535,65535,65535,65535,65535,65535,
X/* 26 */
X4884,5174,13908,21587,21301,13587,12341,65535,65535,
X65535,65535,65535,65535,65535,65535,65535,65535,65535,
X65535,65535,65535,65535,65535,65535,65535,65535,65535,
X65535,65535,65535,65535,65535,65535,65535,65535,65535,
X/* 27 */
X4627,4913,12627,21330,21040,12306,12598,65535,65535,
X65535,65535,65535,65535,65535,65535,65535,65535,65535,
X65535,65535,65535,65535,65535,65535,65535,65535,65535,
X65535,65535,65535,65535,65535,65535,65535,65535,65535,
X/* 28 */
X20769,8480,8272,20566,65535,65535,65535,65535,65535,
X65535,65535,65535,65535,65535,65535,65535,65535,65535,
X65535,65535,65535,65535,65535,65535,65535,65535,65535,
X65535,65535,65535,65535,65535,65535,65535,65535,65535,
X/* 29 */
X4690,21040,12306,5431,14165,21781,12853,65535,65535,
X65535,65535,65535,65535,65535,65535,65535,65535,65535,
X65535,65535,65535,65535,65535,65535,65535,65535,65535,
X65535,65535,65535,65535,65535,65535,65535,65535,65535,
X/* 30 */
X4884,5191,18263,22352,20544,16403,65535,65535,65535,
X65535,65535,65535,65535,65535,65535,65535,65535,65535,
X65535,65535,65535,65535,65535,65535,65535,65535,65535,
X65535,65535,65535,65535,65535,65535,65535,65535,65535,
X/* 31 */
X4119,5927,10068,21587,21280,8208,65535,65535,65535,
X65535,65535,65535,65535,65535,65535,65535,65535,65535,
X65535,65535,65535,65535,65535,65535,65535,65535,65535,
X65535,65535,65535,65535,65535,65535,65535,65535,65535,
X/* 32 */
X65535,65535,65535,65535,65535,65535,65535,65535,65535,
X65535,65535,65535,65535,65535,65535,65535,65535,65535,
X65535,65535,65535,65535,65535,65535,65535,65535,65535,
X65535,65535,65535,65535,65535,65535,65535,65535,65535,
X/* 33 */
X515,788,5156,9267,13123,17218,16946,12833,8465,
X4354,25187,65535,65535,65535,65535,65535,65535,65535,
X65535,65535,65535,65535,65535,65535,65535,65535,65535,
X65535,65535,65535,65535,65535,65535,65535,65535,65535,
X/* 34 */
X258,546,8737,8449,1029,1317,9508,9220,65535,
X65535,65535,65535,65535,65535,65535,65535,65535,65535,
X65535,65535,65535,65535,65535,65535,65535,65535,65535,
X65535,65535,65535,65535,65535,65535,65535,65535,65535,
X/* 35 */
X258,610,25185,24833,1029,1381,25956,25604,8230,
X16454,65535,65535,65535,65535,65535,65535,65535,65535,
X65535,65535,65535,65535,65535,65535,65535,65535,65535,
X65535,65535,65535,65535,65535,65535,65535,65535,65535,
X/* 36 */
X5393,4384,8241,12596,13381,17748,21584,610,867,
X65535,65535,65535,65535,65535,65535,65535,65535,65535,
X65535,65535,65535,65535,65535,65535,65535,65535,65535,
X65535,65535,65535,65535,65535,65535,65535,65535,65535,
X/* 37 */
X4113,4385,8480,8208,5398,5729,24928,24597,21846,
X22118,26213,25941,65535,65535,65535,65535,65535,65535,
X65535,65535,65535,65535,65535,65535,65535,65535,65535,
X65535,65535,65535,65535,65535,65535,65535,65535,65535,
X/* 38 */
X516,1045,5412,9265,12608,16464,20577,24931,25398,
X529,4454,65535,65535,65535,65535,65535,65535,65535,
X65535,65535,65535,65535,65535,65535,65535,65535,65535,
X65535,65535,65535,65535,65535,65535,65535,65535,65535,
X/* 39 */
X258,530,4641,8480,8209,4353,65535,65535,65535,
X65535,65535,65535,65535,65535,65535,65535,65535,65535,
X65535,65535,65535,65535,65535,65535,65535,65535,65535,
X65535,65535,65535,65535,65535,65535,65535,65535,65535,
X/* 40 */
X772,1058,8770,16996,25699,25409,16673,8451,65535,
X65535,65535,65535,65535,65535,65535,65535,65535,65535,
X65535,65535,65535,65535,65535,65535,65535,65535,65535,
X65535,65535,65535,65535,65535,65535,65535,65535,65535,
X/* 41 */
X258,548,9284,17506,25185,24899,17187,8961,65535,
X65535,65535,65535,65535,65535,65535,65535,65535,65535,
X65535,65535,65535,65535,65535,65535,65535,65535,65535,
X65535,65535,65535,65535,65535,65535,65535,65535,65535,
X/* 42 */
X4370,4694,22101,21777,5398,5714,21073,20757,12343,
X65535,65535,65535,65535,65535,65535,65535,65535,65535,
X65535,65535,65535,65535,65535,65535,65535,65535,65535,
X65535,65535,65535,65535,65535,65535,65535,65535,65535,
X/* 43 */
X4627,4947,21330,21010,12338,13109,65535,65535,65535,
X65535,65535,65535,65535,65535,65535,65535,65535,65535,
X65535,65535,65535,65535,65535,65535,65535,65535,65535,
X65535,65535,65535,65535,65535,65535,65535,65535,65535,
X/* 44 */
X21075,21347,25458,29297,29026,25170,65535,65535,65535,
X65535,65535,65535,65535,65535,65535,65535,65535,65535,
X65535,65535,65535,65535,65535,65535,65535,65535,65535,
X65535,65535,65535,65535,65535,65535,65535,65535,65535,
X/* 45 */
X12341,65535,65535,65535,65535,65535,65535,65535,65535,
X65535,65535,65535,65535,65535,65535,65535,65535,65535,
X65535,65535,65535,65535,65535,65535,65535,65535,65535,
X65535,65535,65535,65535,65535,65535,65535,65535,65535,
X/* 46 */
X21075,21347,25442,25170,65535,65535,65535,65535,65535,
X65535,65535,65535,65535,65535,65535,65535,65535,65535,
X65535,65535,65535,65535,65535,65535,65535,65535,65535,
X65535,65535,65535,65535,65535,65535,65535,65535,65535,
X/* 47 */
X1286,1632,24656,20485,65535,65535,65535,65535,65535,
X65535,65535,65535,65535,65535,65535,65535,65535,65535,
X65535,65535,65535,65535,65535,65535,65535,65535,65535,
X65535,65535,65535,65535,65535,65535,65535,65535,65535,
X/* 48 */
X261,1302,5718,22117,25953,24912,20496,4097,353,
X1381,20757,65535,65535,65535,65535,65535,65535,65535,
X65535,65535,65535,65535,65535,65535,65535,65535,65535,
X65535,65535,65535,65535,65535,65535,65535,65535,65535,
X/* 49 */
X515,867,24677,610,529,65535,65535,65535,65535,
X65535,65535,65535,65535,65535,65535,65535,65535,65535,
X65535,65535,65535,65535,65535,65535,65535,65535,65535,
X65535,65535,65535,65535,65535,65535,65535,65535,65535,
X/* 50 */
X4097,260,1045,5413,9524,13377,16720,20576,24677,
X1076,65535,65535,65535,65535,65535,65535,65535,65535,
X65535,65535,65535,65535,65535,65535,65535,65535,65535,
X65535,65535,65535,65535,65535,65535,65535,65535,65535,
X/* 51 */
X4097,260,1045,5413,9524,12852,13381,17749,21860,
X25697,24912,1124,65535,65535,65535,65535,65535,65535,
X65535,65535,65535,65535,65535,65535,65535,65535,65535,
X65535,65535,65535,65535,65535,65535,65535,65535,65535,
X/* 52 */
X773,1381,1124,25446,816,12352,16454,65535,65535,
X65535,65535,65535,65535,65535,65535,65535,65535,65535,
X65535,65535,65535,65535,65535,65535,65535,65535,65535,
X65535,65535,65535,65535,65535,65535,65535,65535,65535,
X/* 53 */
X5,32,289,8228,9269,13653,21860,25697,24912,
X65535,65535,65535,65535,65535,65535,65535,65535,65535,
X65535,65535,65535,65535,65535,65535,65535,65535,65535,
X65535,65535,65535,65535,65535,65535,65535,65535,65535,
X/* 54 */
X1026,544,8272,20577,24932,25685,21829,17716,13361,
X4449,65535,65535,65535,65535,65535,65535,65535,65535,
X65535,65535,65535,65535,65535,65535,65535,65535,65535,
X65535,65535,65535,65535,65535,65535,65535,65535,65535,
X/* 55 */
X4096,5,1317,9539,17251,1076,65535,65535,65535,
X65535,65535,65535,65535,65535,65535,65535,65535,65535,
X65535,65535,65535,65535,65535,65535,65535,65535,65535,
X65535,65535,65535,65535,65535,65535,65535,65535,65535,
X/* 56 */
X260,1045,5413,9524,13381,17749,21860,25697,24912,
X20544,16433,12576,8208,4097,353,1124,12596,65535,
X65535,65535,65535,65535,65535,65535,65535,65535,65535,
X65535,65535,65535,65535,65535,65535,65535,65535,65535,
X/* 57 */
X13361,12576,8208,4097,260,1045,5445,17763,25441,
X1108,65535,65535,65535,65535,65535,65535,65535,65535,
X65535,65535,65535,65535,65535,65535,65535,65535,65535,
X65535,65535,65535,65535,65535,65535,65535,65535,65535,
X/* 58 */
X4627,4899,8994,8722,21075,21347,25442,25170,65535,
X65535,65535,65535,65535,65535,65535,65535,65535,65535,
X65535,65535,65535,65535,65535,65535,65535,65535,65535,
X65535,65535,65535,65535,65535,65535,65535,65535,65535,
X/* 59 */
X4627,4899,8994,8722,21075,21347,25458,29297,29026,
X25170,65535,65535,65535,65535,65535,65535,65535,65535,
X65535,65535,65535,65535,65535,65535,65535,65535,65535,
X65535,65535,65535,65535,65535,65535,65535,65535,65535,
X/* 60 */
X772,1073,12644,25699,25392,12291,65535,65535,65535,
X65535,65535,65535,65535,65535,65535,65535,65535,65535,
X65535,65535,65535,65535,65535,65535,65535,65535,65535,
X65535,65535,65535,65535,65535,65535,65535,65535,65535,
X/* 61 */
X8229,20565,65535,65535,65535,65535,65535,65535,65535,
X65535,65535,65535,65535,65535,65535,65535,65535,65535,
X65535,65535,65535,65535,65535,65535,65535,65535,65535,
X65535,65535,65535,65535,65535,65535,65535,65535,65535,
X/* 62 */
X258,565,13666,25185,24884,13313,65535,65535,65535,
X65535,65535,65535,65535,65535,65535,65535,65535,65535,
X65535,65535,65535,65535,65535,65535,65535,65535,65535,
X65535,65535,65535,65535,65535,65535,65535,65535,65535,
X/* 63 */
X4097,260,1045,5413,9524,13379,1076,25187,65535,
X65535,65535,65535,65535,65535,65535,65535,65535,65535,
X65535,65535,65535,65535,65535,65535,65535,65535,65535,
X65535,65535,65535,65535,65535,65535,65535,65535,65535,
X/* 64 */
X25697,24912,20496,4097,261,1302,5702,17987,17187,
X8998,65535,65535,65535,65535,65535,65535,65535,65535,
X65535,65535,65535,65535,65535,65535,65535,65535,65535,
X65535,65535,65535,65535,65535,65535,65535,65535,65535,
X/* 65 */
X544,8288,24673,24849,515,805,9573,25956,25620,
X16708,65535,65535,65535,65535,65535,65535,65535,65535,
X65535,65535,65535,65535,65535,65535,65535,65535,65535,
X65535,65535,65535,65535,65535,65535,65535,65535,65535,
X/* 66 */
X5,1302,5670,9781,13618,13638,18006,22117,25952,
X353,610,65535,65535,65535,65535,65535,65535,65535,
X65535,65535,65535,65535,65535,65535,65535,65535,65535,
X65535,65535,65535,65535,65535,65535,65535,65535,65535,
X/* 67 */
X5637,1282,544,8256,16482,25189,25942,4433,65535,
X65535,65535,65535,65535,65535,65535,65535,65535,65535,
X65535,65535,65535,65535,65535,65535,65535,65535,65535,
X65535,65535,65535,65535,65535,65535,65535,65535,65535,
X/* 68 */
X4,1062,9798,18020,25696,353,610,65535,65535,
X65535,65535,65535,65535,65535,65535,65535,65535,65535,
X65535,65535,65535,65535,65535,65535,65535,65535,65535,
X65535,65535,65535,65535,65535,65535,65535,65535,65535,
X/* 69 */
X6,1558,24678,26198,353,610,12852,9284,65535,
X65535,65535,65535,65535,65535,65535,65535,65535,65535,
X65535,65535,65535,65535,65535,65535,65535,65535,65535,
X65535,65535,65535,65535,65535,65535,65535,65535,65535,
X/* 70 */
X6,1558,353,610,24675,12852,9284,65535,65535,
X65535,65535,65535,65535,65535,65535,65535,65535,65535,
X65535,65535,65535,65535,65535,65535,65535,65535,65535,
X65535,65535,65535,65535,65535,65535,65535,65535,65535,
X/* 71 */
X5637,1282,544,8256,16482,25190,26182,17988,4433,
X65535,65535,65535,65535,65535,65535,65535,65535,65535,
X65535,65535,65535,65535,65535,65535,65535,65535,65535,
X65535,65535,65535,65535,65535,65535,65535,65535,65535,
X/* 72 */
X1,353,24928,24576,1029,1381,25956,25604,12596,
X65535,65535,65535,65535,65535,65535,65535,65535,65535,
X65535,65535,65535,65535,65535,65535,65535,65535,65535,
X65535,65535,65535,65535,65535,65535,65535,65535,65535,
X/* 73 */
X260,24932,610,867,65535,65535,65535,65535,65535,
X65535,65535,65535,65535,65535,65535,65535,65535,65535,
X65535,65535,65535,65535,65535,65535,65535,65535,65535,
X65535,65535,65535,65535,65535,65535,65535,65535,65535,
X/* 74 */
X774,1108,21603,1365,21860,25697,24912,20544,65535,
X65535,65535,65535,65535,65535,65535,65535,65535,65535,
X65535,65535,65535,65535,65535,65535,65535,65535,65535,
X65535,65535,65535,65535,65535,65535,65535,65535,65535,
X/* 75 */
X2,353,610,24674,12852,1558,5684,13398,22118,
X65535,65535,65535,65535,65535,65535,65535,65535,65535,
X65535,65535,65535,65535,65535,65535,65535,65535,65535,
X65535,65535,65535,65535,65535,65535,65535,65535,65535,
X/* 76 */
X3,353,610,24678,26182,65535,65535,65535,65535,
X65535,65535,65535,65535,65535,65535,65535,65535,65535,
X65535,65535,65535,65535,65535,65535,65535,65535,65535,
X65535,65535,65535,65535,65535,65535,65535,65535,65535,
X/* 77 */
X1,353,24928,24576,1286,1638,26213,25861,4403,
X13077,8515,17189,65535,65535,65535,65535,65535,65535,
X65535,65535,65535,65535,65535,65535,65535,65535,65535,
X65535,65535,65535,65535,65535,65535,65535,65535,65535,
X/* 78 */
X1,353,24928,24576,1286,1638,26213,25861,4437,
X8549,65535,65535,65535,65535,65535,65535,65535,65535,
X65535,65535,65535,65535,65535,65535,65535,65535,65535,
X65535,65535,65535,65535,65535,65535,65535,65535,65535,
X/* 79 */
X516,1062,9798,18020,25698,25152,16416,8194,4433,
X5461,65535,65535,65535,65535,65535,65535,65535,65535,
X65535,65535,65535,65535,65535,65535,65535,65535,65535,
X65535,65535,65535,65535,65535,65535,65535,65535,65535,
X/* 80 */
X5,1302,5670,9781,13618,353,610,24675,65535,
X65535,65535,65535,65535,65535,65535,65535,65535,65535,
X65535,65535,65535,65535,65535,65535,65535,65535,65535,
X65535,65535,65535,65535,65535,65535,65535,65535,65535,
X/* 81 */
X260,1045,5445,17748,21585,20800,16400,4097,337,
X1124,17251,25445,65535,65535,65535,65535,65535,65535,
X65535,65535,65535,65535,65535,65535,65535,65535,65535,
X65535,65535,65535,65535,65535,65535,65535,65535,65535,
X/* 82 */
X5,1302,5670,9781,12853,13637,17750,22118,353,
X610,24674,65535,65535,65535,65535,65535,65535,65535,
X65535,65535,65535,65535,65535,65535,65535,65535,65535,
X65535,65535,65535,65535,65535,65535,65535,65535,65535,
X/* 83 */
X5380,1025,272,4128,8277,4165,17749,21860,25697,
X24912,65535,65535,65535,65535,65535,65535,65535,65535,
X65535,65535,65535,65535,65535,65535,65535,65535,65535,
X65535,65535,65535,65535,65535,65535,65535,65535,65535,
X/* 84 */
X4096,5,1301,610,867,24932,65535,65535,65535,
X65535,65535,65535,65535,65535,65535,65535,65535,65535,
X65535,65535,65535,65535,65535,65535,65535,65535,65535,
X65535,65535,65535,65535,65535,65535,65535,65535,65535,
X/* 85 */
X1,353,24928,24576,1029,1381,25956,25604,24932,
X65535,65535,65535,65535,65535,65535,65535,65535,65535,
X65535,65535,65535,65535,65535,65535,65535,65535,65535,
X65535,65535,65535,65535,65535,65535,65535,65535,65535,
X/* 86 */
X1,337,64,16482,25187,1029,1349,17763,1108,
X65535,65535,65535,65535,65535,65535,65535,65535,65535,
X65535,65535,65535,65535,65535,65535,65535,65535,65535,
X65535,65535,65535,65535,65535,65535,65535,65535,65535,
X/* 87 */
X1,353,24928,24576,1286,1638,26213,25861,20787,
X13141,24899,17253,65535,65535,65535,65535,65535,65535,
X65535,65535,65535,65535,65535,65535,65535,65535,65535,
X65535,65535,65535,65535,65535,65535,65535,65535,65535,
X/* 88 */
X1,273,4403,13077,5381,1286,1558,5684,13380,
X17510,26213,25923,17249,24928,24642,16946,12816,4096,
X65535,65535,65535,65535,65535,65535,65535,65535,65535,
X65535,65535,65535,65535,65535,65535,65535,65535,65535,
X/* 89 */
X1,289,8498,12851,13092,9220,1029,1317,9539,
X17251,24932,25154,16928,8192,65535,65535,65535,65535,
X65535,65535,65535,65535,65535,65535,65535,65535,65535,
X65535,65535,65535,65535,65535,65535,65535,65535,65535,
X/* 90 */
X8192,6,1558,5712,20566,20576,24678,26182,4118,
X65535,65535,65535,65535,65535,65535,65535,65535,65535,
X65535,65535,65535,65535,65535,65535,65535,65535,65535,
X65535,65535,65535,65535,65535,65535,65535,65535,65535,
X/* 91 */
X260,353,610,24932,65535,65535,65535,65535,65535,
X65535,65535,65535,65535,65535,65535,65535,65535,65535,
X65535,65535,65535,65535,65535,65535,65535,65535,65535,
X65535,65535,65535,65535,65535,65535,65535,65535,65535,
X/* 92 */
X1,342,22118,26112,65535,65535,65535,65535,65535,
X65535,65535,65535,65535,65535,65535,65535,65535,65535,
X65535,65535,65535,65535,65535,65535,65535,65535,65535,
X65535,65535,65535,65535,65535,65535,65535,65535,65535,
X/* 93 */
X260,867,1124,24932,65535,65535,65535,65535,65535,
X65535,65535,65535,65535,65535,65535,65535,65535,65535,
X65535,65535,65535,65535,65535,65535,65535,65535,65535,
X65535,65535,65535,65535,65535,65535,65535,65535,65535,
X/* 94 */
X822,13877,13587,4913,12592,12291,65535,65535,65535,
X65535,65535,65535,65535,65535,65535,65535,65535,65535,
X65535,65535,65535,65535,65535,65535,65535,65535,65535,
X65535,65535,65535,65535,65535,65535,65535,65535,65535,
X/* 95 */
X28791,65535,65535,65535,65535,65535,65535,65535,65535,
X65535,65535,65535,65535,65535,65535,65535,65535,65535,
X65535,65535,65535,65535,65535,65535,65535,65535,65535,
X65535,65535,65535,65535,65535,65535,65535,65535,65535,
X/* 96 */
X515,787,4900,9251,8978,4610,65535,65535,65535,
X65535,65535,65535,65535,65535,65535,65535,65535,65535,
X65535,65535,65535,65535,65535,65535,65535,65535,65535,
X65535,65535,65535,65535,65535,65535,65535,65535,65535,
X/* 97 */
X8484,9269,13669,25958,9300,17473,16720,20577,24931,
X25428,21605,25958,65535,65535,65535,65535,65535,65535,
X65535,65535,65535,65535,65535,65535,65535,65535,65535,
X65535,65535,65535,65535,65535,65535,65535,65535,65535,
X/* 98 */
X2,353,24928,24914,594,12853,13638,18006,22117,
X25955,25426,65535,65535,65535,65535,65535,65535,65535,
X65535,65535,65535,65535,65535,65535,65535,65535,65535,
X65535,65535,65535,65535,65535,65535,65535,65535,65535,
X/* 99 */
X13604,9249,8496,12368,20577,24932,25685,8545,65535,
X65535,65535,65535,65535,65535,65535,65535,65535,65535,
X65535,65535,65535,65535,65535,65535,65535,65535,65535,
X65535,65535,65535,65535,65535,65535,65535,65535,65535,
X/* 100 */
X773,1108,21605,1381,25958,13361,12608,16464,20577,
X24931,25428,65535,65535,65535,65535,65535,65535,65535,
X65535,65535,65535,65535,65535,65535,65535,65535,65535,
X65535,65535,65535,65535,65535,65535,65535,65535,65535,
X/* 101 */
X16709,17717,13604,9249,8496,12368,20577,24932,8545,
X65535,65535,65535,65535,65535,65535,65535,65535,65535,
X65535,65535,65535,65535,65535,65535,65535,65535,65535,
X65535,65535,65535,65535,65535,65535,65535,65535,65535,
X/* 102 */
X5380,1026,529,4449,24675,610,12337,12851,65535,
X65535,65535,65535,65535,65535,65535,65535,65535,65535,
X65535,65535,65535,65535,65535,65535,65535,65535,65535,
X65535,65535,65535,65535,65535,65535,65535,65535,65535,
X/* 103 */
X13347,8993,8496,12352,16465,20820,13428,29808,9765,
X9524,9573,25972,65535,65535,65535,65535,65535,65535,
X65535,65535,65535,65535,65535,65535,65535,65535,65535,
X65535,65535,65535,65535,65535,65535,65535,65535,65535,
X/* 104 */
X2,353,610,24674,12836,9253,9526,13926,65535,
X65535,65535,65535,65535,65535,65535,65535,65535,65535,
X65535,65535,65535,65535,65535,65535,65535,65535,65535,
X65535,65535,65535,65535,65535,65535,65535,65535,65535,
X/* 105 */
X515,787,4882,4610,8739,9059,8802,8483,24932,
X65535,65535,65535,65535,65535,65535,65535,65535,65535,
X65535,65535,65535,65535,65535,65535,65535,65535,65535,
X65535,65535,65535,65535,65535,65535,65535,65535,65535,
X/* 106 */
X1029,1301,5396,5124,9253,9316,9573,25972,25715,
X29809,29024,24656,65535,65535,65535,65535,65535,65535,
X65535,65535,65535,65535,65535,65535,65535,65535,65535,
X65535,65535,65535,65535,65535,65535,65535,65535,65535,
X/* 107 */
X2,353,610,24674,16964,9796,17510,65535,65535,
X65535,65535,65535,65535,65535,65535,65535,65535,65535,
X65535,65535,65535,65535,65535,65535,65535,65535,65535,
X65535,65535,65535,65535,65535,65535,65535,65535,65535,
X/* 108 */
X259,610,867,24932,65535,65535,65535,65535,65535,
X65535,65535,65535,65535,65535,65535,65535,65535,65535,
X65535,65535,65535,65535,65535,65535,65535,65535,65535,
X65535,65535,65535,65535,65535,65535,65535,65535,65535,
X/* 109 */
X8226,8755,13155,13092,9253,9526,13926,8288,24673,
X24865,65535,65535,65535,65535,65535,65535,65535,65535,
X65535,65535,65535,65535,65535,65535,65535,65535,65535,
X65535,65535,65535,65535,65535,65535,65535,65535,65535,
X/* 110 */
X8225,8545,24928,24608,12579,8996,9269,13669,65535,
X65535,65535,65535,65535,65535,65535,65535,65535,65535,
X65535,65535,65535,65535,65535,65535,65535,65535,65535,
X65535,65535,65535,65535,65535,65535,65535,65535,65535,
X/* 111 */
X8484,9269,13653,21860,25697,24912,20528,12321,8545,
X9316,65535,65535,65535,65535,65535,65535,65535,65535,
X65535,65535,65535,65535,65535,65535,65535,65535,65535,
X65535,65535,65535,65535,65535,65535,65535,65535,65535,
X/* 112 */
X8225,8498,12914,8561,28787,12835,8997,9526,13894,
X18005,21842,65535,65535,65535,65535,65535,65535,65535,
X65535,65535,65535,65535,65535,65535,65535,65535,65535,
X65535,65535,65535,65535,65535,65535,65535,65535,65535,
X/* 113 */
X9765,9524,13428,9589,29558,13347,8993,8496,12352,
X16465,20820,65535,65535,65535,65535,65535,65535,65535,
X65535,65535,65535,65535,65535,65535,65535,65535,65535,
X65535,65535,65535,65535,65535,65535,65535,65535,65535,
X/* 114 */
X8225,8498,8545,12898,24675,12835,8997,9526,13894,
X65535,65535,65535,65535,65535,65535,65535,65535,65535,
X65535,65535,65535,65535,65535,65535,65535,65535,65535,
X65535,65535,65535,65535,65535,65535,65535,65535,65535,
X/* 115 */
X9505,8496,12353,16708,17493,21860,25696,8513,17508,
X65535,65535,65535,65535,65535,65535,65535,65535,65535,
X65535,65535,65535,65535,65535,65535,65535,65535,65535,
X65535,65535,65535,65535,65535,65535,65535,65535,65535,
X/* 116 */
X802,867,8485,8786,21091,25444,25685,65535,65535,
X65535,65535,65535,65535,65535,65535,65535,65535,65535,
X65535,65535,65535,65535,65535,65535,65535,65535,65535,
X65535,65535,65535,65535,65535,65535,65535,65535,65535,
X/* 117 */
X8272,20577,24931,25428,9300,21605,25958,9253,9557,
X21862,65535,65535,65535,65535,65535,65535,65535,65535,
X65535,65535,65535,65535,65535,65535,65535,65535,65535,
X65535,65535,65535,65535,65535,65535,65535,65535,65535,
X/* 118 */
X8256,16482,25187,8225,8513,16738,9541,17763,65535,
X65535,65535,65535,65535,65535,65535,65535,65535,65535,
X65535,65535,65535,65535,65535,65535,65535,65535,65535,
X65535,65535,65535,65535,65535,65535,65535,65535,65535,
X/* 119 */
X8225,8529,20834,8272,20577,24930,25171,21299,21348,
X25701,25942,22054,65535,65535,65535,65535,65535,65535,
X65535,65535,65535,65535,65535,65535,65535,65535,65535,
X65535,65535,65535,65535,65535,65535,65535,65535,65535,
X/* 120 */
X8225,8515,17249,24928,24642,16928,17220,9796,17510,
X65535,65535,65535,65535,65535,65535,65535,65535,65535,
X65535,65535,65535,65535,65535,65535,65535,65535,65535,
X65535,65535,65535,65535,65535,65535,65535,65535,65535,
X/* 121 */
X8256,16465,20820,9253,9573,25972,9332,29808,65535,
X65535,65535,65535,65535,65535,65535,65535,65535,65535,
X65535,65535,65535,65535,65535,65535,65535,65535,65535,
X65535,65535,65535,65535,65535,65535,65535,65535,65535,
X/* 122 */
X12320,8229,9569,9312,24677,25941,65535,65535,65535,
X65535,65535,65535,65535,65535,65535,65535,65535,65535,
X65535,65535,65535,65535,65535,65535,65535,65535,65535,
X65535,65535,65535,65535,65535,65535,65535,65535,65535,
X/* 123 */
X773,1043,4899,9010,12867,17235,21348,25445,786,
X4642,8753,12592,12610,16978,21091,65535,65535,65535,
X65535,65535,65535,65535,65535,65535,65535,65535,65535,
X65535,65535,65535,65535,65535,65535,65535,65535,65535,
X/* 124 */
X772,1124,25699,25347,65535,65535,65535,65535,65535,
X65535,65535,65535,65535,65535,65535,65535,65535,65535,
X65535,65535,65535,65535,65535,65535,65535,65535,65535,
X65535,65535,65535,65535,65535,65535,65535,65535,65535,
X/* 125 */
X2,274,4642,8755,13122,16978,21089,24674,531,
X4899,9012,13365,13379,17235,21346,65535,65535,65535,
X65535,65535,65535,65535,65535,65535,65535,65535,65535,
X65535,65535,65535,65535,65535,65535,65535,65535,65535,
X/* 126 */
X259,788,5125,1286,1557,5395,4866,529,4368,
X4097,65535,65535,65535,65535,65535,65535,65535,65535,
X65535,65535,65535,65535,65535,65535,65535,65535,65535,
X65535,65535,65535,65535,65535,65535,65535,65535,65535,
X/* 127 */
X4934,18022,26208,24640,16403,65535,65535,65535,65535,
X65535,65535,65535,65535,65535,65535,65535,65535,65535,
X65535,65535,65535,65535,65535,65535,65535,65535,65535,
X65535,65535,65535,65535,65535,65535,65535,65535,65535
X};
X
XxX--EOF--XxX


