Subject:  v17i060:  MGR, Bellcore window manager, Part59/61
Newsgroups: comp.sources.unix
Approved: rsalz@uunet.UU.NET

Submitted-by: Stephen A. Uhler <sau@bellcore.com>
Posting-number: Volume 17, Issue 60
Archive-name: mgr/part59




#! /bin/sh
# This is a shell archive.  Remove anything before this line, then unpack
# it by saving it into a file and typing "sh file".  To overwrite existing
# files, type "sh file -c".  You can also feed this as standard input via
# unshar, or by typing "sh <file", e.g..  If this archive is complete, you
# will see the following message at the end:
#		"End of archive 59 (of 61)."
# Contents:  src/copyright.h.2
# Wrapped by rsalz@papaya.bbn.com on Thu Nov 17 21:06:06 1988
PATH=/bin:/usr/bin:/usr/ucb ; export PATH
if test -f 'src/copyright.h.2' -a "${1}" != "-c" ; then 
  echo shar: Will not clobber existing file \"'src/copyright.h.2'\"
else
echo shar: Extracting \"'src/copyright.h.2'\" \(42397 characters\)
sed "s/^X//" >'src/copyright.h.2' <<'END_OF_FILE'
X	0270, 0003, 0272, 0000, 0000, 0000, 0002, 0053, 0272, 0047,
X	0372, 0252, 0252, 0253, 0377, 0377, 0325, 0125, 0104, 0104,
X	0105, 0120, 0001, 0005, 0120, 0005, 0124, 0000, 0000, 0000,
X	0000, 0005, 0120, 0005, 0124, 0104, 0105, 0125, 0137, 0377,
X	0376, 0352, 0252, 0252, 0357, 0376, 0213, 0217, 0370, 0217,
X	0376, 0210, 0210, 0210, 0210, 0217, 0372, 0257, 0372, 0252,
X	0252, 0257, 0377, 0377, 0325, 0125, 0021, 0020, 0105, 0124,
X	0001, 0005, 0120, 0005, 0124, 0000, 0000, 0000, 0000, 0005,
X	0120, 0005, 0120, 0021, 0021, 0125, 0137, 0377, 0373, 0252,
X	0252, 0252, 0357, 0376, 0043, 0053, 0370, 0043, 0272, 0040,
X	0040, 0040, 0042, 0053, 0372, 0247, 0372, 0252, 0252, 0273,
X	0377, 0377, 0325, 0125, 0124, 0104, 0305, 0124, 0005, 0005,
X	0120, 0005, 0124, 0000, 0000, 0000, 0000, 0005, 0120, 0005,
X	0124, 0104, 0125, 0125, 0137, 0377, 0376, 0352, 0252, 0252,
X	0353, 0376, 0257, 0257, 0370, 0217, 0376, 0210, 0210, 0210,
X	0210, 0257, 0372, 0257, 0372, 0252, 0252, 0357, 0377, 0377,
X	0325, 0125, 0021, 0000, 0101, 0120, 0005, 0005, 0120, 0005,
X	0124, 0000, 0000, 0000, 0000, 0005, 0124, 0005, 0120, 0001,
X	0025, 0125, 0137, 0377, 0373, 0252, 0252, 0252, 0353, 0272,
X	0046, 0057, 0272, 0003, 0272, 0002, 0002, 0002, 0042, 0057,
X	0276, 0057, 0372, 0252, 0252, 0253, 0377, 0377, 0325, 0125,
X	0124, 0104, 0101, 0120, 0004, 0005, 0120, 0005, 0124, 0000,
X	0000, 0000, 0000, 0005, 0124, 0005, 0124, 0105, 0125, 0125,
X	0137, 0377, 0376, 0352, 0252, 0252, 0353, 0372, 0256, 0217,
X	0370, 0217, 0376, 0210, 0210, 0210, 0210, 0217, 0376, 0257,
X	0352, 0252, 0252, 0257, 0377, 0377, 0325, 0125, 0121, 0020,
X	0101, 0120, 0004, 0005, 0120, 0005, 0124, 0000, 0000, 0000,
X	0000, 0005, 0124, 0005, 0100, 0021, 0025, 0125, 0137, 0377,
X	0373, 0252, 0252, 0252, 0353, 0376, 0256, 0053, 0372, 0043,
X	0372, 0042, 0042, 0042, 0042, 0053, 0377, 0357, 0352, 0252,
X	0252, 0273, 0377, 0377, 0325, 0125, 0124, 0104, 0301, 0124,
X	0004, 0005, 0120, 0005, 0124, 0000, 0000, 0000, 0000, 0005,
X	0125, 0125, 0304, 0125, 0125, 0125, 0137, 0377, 0376, 0352,
X	0252, 0252, 0353, 0376, 0256, 0257, 0370, 0257, 0376, 0210,
X	0210, 0250, 0252, 0257, 0377, 0377, 0252, 0252, 0252, 0357,
X	0377, 0377, 0325, 0125, 0021, 0021, 0101, 0124, 0004, 0005,
X	0120, 0005, 0124, 0000, 0000, 0000, 0000, 0005, 0125, 0125,
X	0001, 0021, 0025, 0125, 0137, 0377, 0373, 0252, 0252, 0252,
X	0353, 0376, 0072, 0057, 0272, 0047, 0272, 0042, 0042, 0042,
X	0042, 0057, 0277, 0377, 0252, 0252, 0252, 0273, 0377, 0377,
X	0325, 0125, 0125, 0104, 0105, 0124, 0020, 0005, 0120, 0005,
X	0124, 0000, 0000, 0000, 0000, 0005, 0125, 0125, 0104, 0105,
X	0125, 0125, 0137, 0377, 0377, 0356, 0252, 0252, 0353, 0376,
X	0272, 0257, 0372, 0217, 0376, 0212, 0212, 0212, 0212, 0257,
X	0377, 0377, 0252, 0252, 0256, 0357, 0377, 0377, 0365, 0125,
X	0121, 0021, 0121, 0124, 0020, 0005, 0120, 0005, 0124, 0000,
X	0000, 0000, 0000, 0005, 0125, 0125, 0021, 0021, 0125, 0125,
X	0177, 0377, 0377, 0272, 0252, 0252, 0353, 0376, 0272, 0257,
X	0372, 0043, 0372, 0042, 0042, 0042, 0042, 0257, 0377, 0377,
X	0252, 0252, 0252, 0273, 0377, 0377, 0325, 0125, 0125, 0124,
X	0305, 0324, 0120, 0005, 0120, 0005, 0124, 0000, 0000, 0000,
X	0000, 0005, 0125, 0325, 0104, 0125, 0125, 0125, 0337, 0377,
X	0377, 0356, 0352, 0252, 0353, 0376, 0272, 0257, 0372, 0257,
X	0376, 0252, 0252, 0252, 0252, 0257, 0377, 0377, 0252, 0252,
X	0256, 0377, 0377, 0377, 0325, 0125, 0125, 0021, 0101, 0124,
X	0020, 0005, 0120, 0005, 0124, 0000, 0025, 0125, 0124, 0005,
X	0124, 0125, 0021, 0025, 0125, 0125, 0137, 0377, 0377, 0272,
X	0252, 0252, 0353, 0376, 0272, 0257, 0272, 0047, 0276, 0042,
X	0077, 0277, 0276, 0057, 0376, 0377, 0252, 0252, 0253, 0277,
X	0377, 0377, 0335, 0125, 0125, 0125, 0104, 0124, 0020, 0005,
X	0120, 0005, 0124, 0000, 0025, 0125, 0124, 0005, 0124, 0135,
X	0105, 0125, 0125, 0125, 0137, 0377, 0377, 0356, 0352, 0252,
X	0352, 0376, 0272, 0257, 0372, 0257, 0376, 0252, 0277, 0377,
X	0376, 0257, 0376, 0377, 0252, 0252, 0256, 0377, 0377, 0377,
X	0365, 0125, 0125, 0121, 0121, 0124, 0020, 0005, 0120, 0005,
X	0124, 0000, 0025, 0125, 0124, 0005, 0124, 0125, 0021, 0125,
X	0125, 0125, 0177, 0377, 0377, 0372, 0252, 0252, 0352, 0377,
X	0272, 0257, 0372, 0247, 0376, 0242, 0277, 0377, 0376, 0257,
X	0372, 0377, 0252, 0252, 0253, 0277, 0377, 0377, 0375, 0125,
X	0125, 0125, 0324, 0125, 0124, 0105, 0120, 0005, 0124, 0000,
X	0025, 0125, 0124, 0105, 0324, 0325, 0325, 0125, 0125, 0125,
X	0377, 0377, 0377, 0376, 0352, 0252, 0352, 0377, 0272, 0257,
X	0372, 0257, 0376, 0252, 0277, 0377, 0376, 0257, 0372, 0377,
X	0252, 0252, 0356, 0377, 0377, 0377, 0365, 0125, 0125, 0125,
X	0121, 0125, 0020, 0005, 0120, 0001, 0124, 0000, 0001, 0125,
X	0100, 0005, 0121, 0125, 0021, 0025, 0125, 0125, 0177, 0377,
X	0377, 0273, 0252, 0252, 0352, 0377, 0272, 0257, 0372, 0253,
X	0376, 0052, 0053, 0377, 0352, 0257, 0372, 0377, 0352, 0252,
X	0253, 0277, 0377, 0377, 0375, 0125, 0125, 0125, 0105, 0135,
X	0124, 0105, 0120, 0001, 0124, 0000, 0001, 0125, 0104, 0005,
X	0134, 0135, 0125, 0125, 0125, 0125, 0377, 0377, 0377, 0377,
X	0356, 0252, 0352, 0377, 0272, 0257, 0372, 0253, 0376, 0252,
X	0253, 0377, 0352, 0257, 0372, 0377, 0252, 0256, 0357, 0377,
X	0377, 0377, 0365, 0125, 0125, 0125, 0121, 0125, 0020, 0005,
X	0120, 0001, 0124, 0000, 0000, 0125, 0000, 0025, 0121, 0125,
X	0125, 0125, 0125, 0125, 0177, 0377, 0377, 0373, 0272, 0252,
X	0352, 0277, 0272, 0257, 0372, 0253, 0376, 0252, 0252, 0377,
X	0252, 0257, 0372, 0277, 0352, 0252, 0273, 0377, 0377, 0377,
X	0375, 0325, 0125, 0125, 0125, 0135, 0324, 0105, 0324, 0101,
X	0324, 0100, 0100, 0325, 0304, 0105, 0334, 0135, 0325, 0125,
X	0125, 0135, 0377, 0377, 0377, 0377, 0356, 0352, 0252, 0277,
X	0372, 0257, 0372, 0253, 0376, 0252, 0252, 0377, 0252, 0277,
X	0372, 0377, 0352, 0356, 0377, 0377, 0377, 0377, 0377, 0125,
X	0125, 0125, 0125, 0025, 0121, 0005, 0120, 0001, 0125, 0000,
X	0000, 0125, 0001, 0025, 0121, 0125, 0125, 0125, 0125, 0127,
X	0177, 0377, 0377, 0377, 0273, 0252, 0272, 0277, 0372, 0257,
X	0372, 0253, 0377, 0252, 0252, 0377, 0252, 0277, 0372, 0377,
X	0252, 0253, 0273, 0377, 0377, 0377, 0377, 0325, 0125, 0125,
X	0125, 0135, 0124, 0105, 0134, 0105, 0125, 0104, 0104, 0125,
X	0104, 0135, 0125, 0135, 0325, 0125, 0125, 0137, 0377, 0377,
X	0377, 0377, 0356, 0356, 0272, 0277, 0372, 0257, 0376, 0253,
X	0377, 0252, 0252, 0377, 0252, 0277, 0372, 0377, 0356, 0356,
X	0377, 0377, 0377, 0377, 0377, 0165, 0125, 0125, 0165, 0125,
X	0121, 0025, 0124, 0021, 0125, 0020, 0020, 0125, 0021, 0025,
X	0121, 0125, 0165, 0125, 0125, 0167, 0377, 0377, 0377, 0377,
X	0373, 0272, 0272, 0257, 0372, 0257, 0376, 0253, 0377, 0252,
X	0252, 0377, 0252, 0277, 0372, 0277, 0352, 0273, 0277, 0377,
X	0377, 0377, 0377, 0335, 0125, 0125, 0135, 0125, 0325, 0125,
X	0324, 0104, 0325, 0104, 0104, 0325, 0104, 0135, 0325, 0135,
X	0325, 0125, 0125, 0337, 0377, 0377, 0377, 0377, 0376, 0356,
X	0372, 0257, 0372, 0257, 0376, 0252, 0377, 0252, 0252, 0377,
X	0252, 0277, 0372, 0277, 0356, 0377, 0377, 0377, 0377, 0377,
X	0377, 0165, 0125, 0125, 0125, 0125, 0121, 0021, 0125, 0021,
X	0125, 0001, 0001, 0125, 0021, 0025, 0125, 0127, 0125, 0125,
X	0125, 0167, 0377, 0377, 0377, 0377, 0373, 0273, 0252, 0257,
X	0372, 0253, 0376, 0252, 0377, 0252, 0252, 0377, 0252, 0277,
X	0352, 0277, 0353, 0273, 0277, 0377, 0377, 0377, 0377, 0375,
X	0125, 0125, 0135, 0125, 0335, 0125, 0135, 0104, 0135, 0104,
X	0105, 0135, 0105, 0135, 0325, 0135, 0325, 0125, 0135, 0377,
X	0377, 0377, 0377, 0377, 0377, 0356, 0356, 0253, 0372, 0253,
X	0376, 0252, 0377, 0252, 0253, 0377, 0252, 0277, 0352, 0377,
X	0356, 0377, 0377, 0377, 0377, 0377, 0377, 0367, 0125, 0125,
X	0125, 0125, 0165, 0121, 0125, 0021, 0125, 0021, 0021, 0125,
X	0021, 0125, 0165, 0167, 0125, 0125, 0127, 0177, 0377, 0377,
X	0377, 0377, 0377, 0373, 0276, 0253, 0372, 0253, 0376, 0252,
X	0377, 0252, 0253, 0377, 0252, 0277, 0352, 0277, 0373, 0277,
X	0377, 0377, 0377, 0377, 0377, 0375, 0325, 0125, 0135, 0125,
X	0335, 0125, 0335, 0125, 0135, 0125, 0125, 0335, 0125, 0135,
X	0325, 0135, 0325, 0125, 0335, 0377, 0377, 0377, 0377, 0377,
X	0377, 0377, 0356, 0357, 0372, 0253, 0376, 0252, 0377, 0252,
X	0253, 0376, 0252, 0377, 0356, 0377, 0377, 0377, 0377, 0377,
X	0377, 0377, 0377, 0377, 0125, 0125, 0127, 0125, 0125, 0125,
X	0125, 0021, 0125, 0021, 0021, 0125, 0025, 0127, 0125, 0127,
X	0125, 0125, 0127, 0177, 0377, 0377, 0377, 0377, 0377, 0373,
X	0277, 0252, 0372, 0253, 0376, 0252, 0377, 0252, 0253, 0376,
X	0252, 0377, 0352, 0277, 0373, 0277, 0377, 0377, 0377, 0377,
X	0377, 0377, 0335, 0125, 0125, 0125, 0335, 0125, 0335, 0125,
X	0135, 0325, 0125, 0335, 0125, 0135, 0325, 0135, 0325, 0135,
X	0337, 0377, 0377, 0377, 0377, 0377, 0377, 0377, 0357, 0356,
X	0376, 0253, 0376, 0252, 0277, 0252, 0253, 0376, 0252, 0377,
X	0356, 0377, 0377, 0377, 0377, 0377, 0377, 0377, 0377, 0377,
X	0365, 0125, 0127, 0125, 0165, 0125, 0165, 0125, 0165, 0125,
X	0125, 0165, 0125, 0165, 0125, 0167, 0125, 0125, 0167, 0377,
X	0377, 0377, 0377, 0377, 0377, 0377, 0373, 0273, 0272, 0252,
X	0376, 0252, 0277, 0252, 0253, 0376, 0252, 0377, 0273, 0377,
X	0377, 0377, 0377, 0377, 0377, 0377, 0377, 0377, 0375, 0335,
X	0135, 0325, 0135, 0125, 0335, 0125, 0135, 0325, 0125, 0335,
X	0125, 0335, 0125, 0175, 0325, 0335, 0377, 0377, 0377, 0377,
X	0377, 0377, 0377, 0377, 0377, 0376, 0376, 0356, 0377, 0352,
X	0377, 0352, 0353, 0376, 0356, 0377, 0356, 0377, 0377, 0377,
X	0377, 0377, 0377, 0377, 0377, 0377, 0367, 0125, 0127, 0165,
X	0125, 0125, 0127, 0125, 0127, 0125, 0127, 0125, 0125, 0127,
X	0125, 0167, 0125, 0127, 0177, 0377, 0377, 0377, 0377, 0377,
X	0377, 0377, 0377, 0373, 0277, 0252, 0377, 0252, 0257, 0352,
X	0253, 0376, 0253, 0377, 0273, 0377, 0377, 0377, 0377, 0377,
X	0377, 0377, 0377, 0377, 0377, 0335, 0127, 0335, 0135, 0125,
X	0135, 0125, 0125, 0325, 0125, 0335, 0125, 0335, 0125, 0337,
X	0135, 0337, 0377, 0377, 0377, 0377, 0377, 0377, 0377, 0377,
X	0377, 0377, 0356, 0356, 0377, 0356, 0357, 0356, 0357, 0376,
X	0357, 0377, 0357, 0377, 0377, 0377, 0377, 0377, 0377, 0377,
X	0377, 0377, 0377, 0367, 0125, 0167, 0125, 0125, 0167, 0125,
X	0127, 0165, 0127, 0165, 0125, 0167, 0125, 0165, 0127, 0167,
X	0377, 0377, 0377, 0377, 0377, 0377, 0377, 0377, 0377, 0377,
X	0377, 0273, 0377, 0272, 0273, 0372, 0277, 0373, 0273, 0377,
X	0273, 0377, 0377, 0377, 0377, 0377, 0377, 0377, 0377, 0377,
X	0377, 0375, 0335, 0325, 0125, 0125, 0335, 0325, 0125, 0325,
X	0125, 0335, 0135, 0375, 0325, 0125, 0335, 0377, 0377, 0377,
X	0377, 0377, 0377, 0377, 0377, 0377, 0377, 0377, 0377, 0377,
X	0377, 0356, 0357, 0376, 0357, 0356, 0377, 0377, 0377, 0377,
X	0377, 0377, 0377, 0377, 0377, 0377, 0377, 0377, 0377, 0367,
X	0165, 0125, 0127, 0125, 0167, 0165, 0125, 0165, 0127, 0165,
X	0127, 0167, 0125, 0125, 0167, 0177, 0377, 0377, 0377, 0377,
X	0377, 0377, 0377, 0377, 0377, 0377, 0377, 0273, 0377, 0373,
X	0273, 0377, 0277, 0373, 0277, 0377, 0377, 0377, 0377, 0377,
X	0377, 0377, 0377, 0377, 0377, 0377, 0377, 0377, 0335, 0335,
X	0125, 0125, 0335, 0325, 0125, 0335, 0135, 0325, 0135, 0325,
X	0135, 0335, 0337, 0377, 0377, 0377, 0377, 0377, 0377, 0377,
X	0377, 0377, 0377, 0377, 0377, 0377, 0377, 0377, 0357, 0377,
X	0377, 0357, 0377, 0377, 0377, 0377, 0377, 0377, 0377, 0377,
X	0377, 0377, 0377, 0377, 0377, 0377, 0367, 0165, 0125, 0125,
X	0127, 0165, 0125, 0167, 0167, 0125, 0125, 0125, 0125, 0167,
X	0167, 0377, 0377, 0377, 0377, 0377, 0377, 0377, 0377, 0377,
X	0377, 0377, 0377, 0377, 0373, 0373, 0273, 0277, 0377, 0373,
X	0377, 0377, 0377, 0377, 0377, 0377, 0377, 0377, 0377, 0377,
X	0377, 0377, 0377, 0377, 0377, 0375, 0335, 0325, 0125, 0125,
X	0125, 0175, 0365, 0125, 0125, 0325, 0335, 0377, 0377, 0377,
X	0377, 0377, 0377, 0377, 0377, 0377, 0377, 0377, 0377, 0377,
X	0377, 0377, 0377, 0377, 0377, 0377, 0377, 0377, 0377, 0377,
X	0377, 0377, 0377, 0377, 0377, 0377, 0377, 0377, 0377, 0377,
X	0377, 0377, 0377, 0167, 0125, 0125, 0125, 0125, 0125, 0127,
X	0165, 0125, 0125, 0125, 0127, 0167, 0377, 0377, 0377, 0377,
X	0377, 0377, 0377, 0377, 0377, 0377, 0377, 0377, 0377, 0377,
X	0377, 0377, 0377, 0377, 0377, 0377, 0377, 0377, 0377, 0377,
X	0377, 0377, 0377, 0377, 0377, 0377, 0377, 0377, 0377, 0377,
X	0377, 0377, 0335, 0335, 0335, 0135, 0125, 0125, 0125, 0135,
X	0135, 0335, 0337, 0377, 0377, 0377, 0377, 0377, 0377, 0377,
X	0377, 0377, 0377, 0377, 0377, 0377, 0377, 0377, 0377, 0377,
X	0377, 0377, 0377, 0377, 0377, 0377, 0377, 0377, 0377, 0377,
X	0377, 0377, 0377, 0377, 0377, 0377, 0377, 0377, 0377, 0377,
X	0367, 0167, 0165, 0125, 0125, 0125, 0125, 0125, 0167, 0167,
X	0167, 0377, 0377, 0377, 0377, 0377, 0377, 0377, 0377, 0377,
X	0377, 0377, 0377, 0377, 0377, 0377, 0377, 0377, 0377, 0377,
X	0377, 0377, 0377, 0377, 0377, 0377, 0377, 0377, 0377, 0377,
X	0377, 0377, 0377, 0377, 0377, 0377, 0377, 0377, 0377, 0375,
X	0335, 0335, 0335, 0335, 0335, 0335, 0335, 0377, 0377, 0377,
X	0377, 0377, 0377, 0377, 0377, 0377, 0377, 0377, 0377, 0377,
X	0377, 0377, 0377, 0377, 0377, 0377, 0377, 0377, 0377, 0377,
X	0377, 0377, 0377, 0377, 0377, 0377, 0377, 0377, 0377, 0377,
X	0377, 0377, 0377, 0377, 0377, 0377, 0377, 0167, 0167, 0167,
X	0127, 0127, 0127, 0167, 0167, 0177, 0377, 0377, 0377, 0377,
X	0377, 0377, 0377, 0377, 0377, 0377, 0377, 0377, 0377, 0377,
X	0377, 0377, 0377, 0377, 0377, 0377, 0377, 0377, 0377, 0377,
X	0377, 0377, 0377, 0377, 0377, 0377, 0377, 0377, 0377, 0377,
X	0377, 0377, 0377, 0377, 0377, 0377, 0377, 0337, 0335, 0335,
X	0337, 0337, 0377, 0377, 0377, 0377, 0377, 0377, 0377, 0377,
X	0377, 0377, 0377, 0377, 0377, 0377, 0377, 0377, 0377, 0377,
X	0377, 0377, 0377, 0377, 0377, 0377, 0377, 0377, 0377, 0377,
X	0377, 0377, 0377, 0377, 0377, 0377, 0377, 0377, 0377, 0377,
X	0377, 0377, 0377, 0377, 0377, 0367, 0167, 0167, 0167, 0367,
X	0377, 0377, 0377, 0377, 0377, 0377, 0377, 0377, 0377, 0377,
X	0377, 0377, 0377, 0377, 0377, 0377, 0377, 0377, 0377, 0377,
X	0377, 0377, 0377, 0377, 0377, 0377, 0377, 0377, 0377, 0377,
X	0377, 0377, 0377, 0377, 0377, 0377, 0377, 0377, 0377, 0377,
X	0377, 0377, 0377, 0377, 0377, 0377, 0377, 0377, 0377, 0377,
X	0377, 0377, 0377, 0377, 0377, 0377, 0377, 0377, 0377, 0377,
X	0377, 0377, 0377, 0377, 0377, 0377, 0377, 0377, 0377, 0377,
X	0377, 0377, 0377, 0377, 0377, 0377, 0377, 0377, 0377, 0377,
X	0377, 0377, 0377, 0377, 0377, 0377, 0377, 0377, 0377, 0377,
X	0377, 0377, 0377, 0377, 0377, 0377, 0377, 0377, 0377, 0377,
X	0377, 0377, 0377, 0377, 0377, 0377, 0377, 0377, 0377, 0377,
X	0377, 0377, 0377, 0377, 0377, 0377, 0377, 0377, 0377, 0377,
X	0377, 0377, 0377, 0377, 0377, 0377, 0377, 0377, 0377, 0377,
X	0377, 0377, 0377, 0377, 0377, 0377, 0377, 0377, 0377, 0377,
X	0377, 0377, 0377, 0377, 0377, 0377, 0377, 0377, 0377, 0377,
X	0377, 0377, 0377, 0377, 0377, 0377, 0377, 0377, 0377, 0377,
X	0377, 0377, 0377, 0377, 0377, 0377, 0377, 0377, 0377, 0377,
X	0377, 0377, 0377, 0377, 0377, 0377, 0377, 0377, 0377, 0377,
X	0377, 0377, 0377, 0377, 0377, 0377, 0377, 0377, 0377, 0377,
X	0377, 0377, 0377, 0377, 0377, 0377, 0377, 0377, 0377, 0377,
X	0377, 0377, 0377, 0377, 0377, 0377, 0377, 0377, 0377, 0377,
X	0377, 0377, 0377, 0377, 0377, 0377, 0377, 0377, 0377, 0377,
X	0377, 0377, 0377, 0377, 0377, 0377, 0377, 0377, 0377, 0377,
X	0377, 0377, 0377, 0377, 0377, 0377, 0377, 0377, 0377, 0377,
X	0377, 0377, 0377, 0377, 0377, 0377, 0377, 0377, 0377, 0377,
X	0377, 0377, 0377, 0377, 0377, 0377, 0377, 0377, 0377, 0377,
X	0377, 0377, 0377, 0377, 0377, 0377, 0377, 0377, 0377, 0377,
X	0377, 0377, 0377, 0377, 0377, 0377, 0377, 0377, 0377, 0377,
X	0377, 0377, 0377, 0377, 0377, 0377, 0377, 0377, 0377, 0377,
X	0377, 0377, 0377, 0377, 0377, 0377, 0377, 0377, 0377, 0377,
X	0377, 0377, 0377, 0377, 0377, 0377, 0377, 0377, 0377, 0377,
X	0377, 0377, 0377, 0377, 0377, 0377, 0377, 0377, 0377, 0377,
X	0377, 0377, 0377, 0377, 0377, 0377, 0377, 0377, 0377, 0377,
X	0377, 0377, 0377, 0377, 0377, 0377, 0377, 0377, 0377, 0377,
X	0377, 0377, 0377, 0377, 0377, 0377, 0377, 0377, 0377, 0377,
X	0377, 0377, 0377, 0377, 0377, 0377, 0377, 0377, 0377, 0377,
X	0377, 0377, 0377, 0377, 0377, 0377, 0377, 0377, 0377, 0377,
X	0377, 0377, 0377, 0377, 0377, 0377, 0377, 0377, 0377, 0377,
X	0377, 0377, 0377, 0377, 0377, 0377, 0377, 0377, 0377, 0377,
X	0377, 0377, 0377, 0377, 0000, 0000, 0000, 0000, 0000, 0000,
X	0000, 0000, 0000, 0000, 0000, 0000, 0000, 0000, 0000, 0000,
X	0000, 0000, 0000, 0000, 0000, 0000, 0007, 0377, 
X	};
X/* bitmap for lb_1 */
X
X/* bitmap data */
X
Xstatic char lb_1_bits[] = {
X	0377, 0377, 0377, 0377, 0377, 0377, 0377, 0377, 0377, 0377,
X	0377, 0337, 0377, 0377, 0377, 0377, 0377, 0377, 0377, 0377,
X	0377, 0377, 0377, 0377, 0377, 0377, 0377, 0377, 0377, 0377,
X	0377, 0377, 0377, 0372, 0252, 0252, 0252, 0377, 0377, 0377,
X	0377, 0377, 0377, 0377, 0377, 0377, 0377, 0377, 0377, 0377,
X	0377, 0377, 0377, 0377, 0377, 0377, 0377, 0125, 0104, 0104,
X	0104, 0107, 0377, 0377, 0377, 0377, 0377, 0377, 0377, 0377,
X	0377, 0377, 0377, 0377, 0377, 0377, 0377, 0377, 0377, 0377,
X	0356, 0252, 0252, 0252, 0252, 0252, 0277, 0377, 0377, 0377,
X	0377, 0377, 0377, 0377, 0377, 0377, 0377, 0377, 0377, 0377,
X	0377, 0377, 0377, 0377, 0125, 0121, 0020, 0020, 0000, 0000,
X	0007, 0377, 0377, 0377, 0377, 0377, 0377, 0377, 0377, 0377,
X	0377, 0377, 0377, 0377, 0377, 0377, 0377, 0373, 0252, 0252,
X	0252, 0252, 0252, 0252, 0252, 0377, 0377, 0377, 0377, 0377,
X	0377, 0377, 0377, 0377, 0377, 0377, 0377, 0377, 0377, 0377,
X	0377, 0325, 0125, 0124, 0104, 0100, 0100, 0000, 0000, 0037,
X	0377, 0377, 0377, 0377, 0377, 0377, 0377, 0377, 0377, 0377,
X	0377, 0377, 0377, 0377, 0377, 0356, 0352, 0252, 0252, 0252,
X	0252, 0252, 0252, 0257, 0377, 0377, 0377, 0377, 0377, 0377,
X	0377, 0377, 0377, 0377, 0377, 0377, 0377, 0377, 0375, 0125,
X	0125, 0021, 0000, 0000, 0000, 0000, 0000, 0000, 0377, 0377,
X	0377, 0377, 0377, 0377, 0377, 0377, 0377, 0377, 0377, 0377,
X	0377, 0377, 0373, 0252, 0252, 0252, 0252, 0252, 0052, 0042,
X	0042, 0042, 0077, 0377, 0377, 0377, 0377, 0377, 0377, 0377,
X	0377, 0377, 0377, 0377, 0377, 0377, 0325, 0125, 0125, 0104,
X	0104, 0000, 0000, 0000, 0000, 0000, 0017, 0377, 0377, 0377,
X	0377, 0377, 0377, 0377, 0377, 0377, 0377, 0377, 0377, 0377,
X	0376, 0356, 0252, 0252, 0252, 0252, 0252, 0212, 0210, 0210,
X	0213, 0377, 0377, 0377, 0377, 0377, 0377, 0377, 0377, 0377,
X	0377, 0377, 0377, 0375, 0125, 0125, 0121, 0020, 0000, 0000,
X	0000, 0000, 0000, 0000, 0001, 0377, 0377, 0377, 0377, 0377,
X	0377, 0377, 0377, 0377, 0377, 0377, 0377, 0377, 0272, 0252,
X	0252, 0252, 0252, 0252, 0242, 0042, 0042, 0042, 0042, 0377,
X	0377, 0377, 0377, 0377, 0377, 0377, 0377, 0377, 0377, 0377,
X	0377, 0325, 0125, 0125, 0124, 0104, 0100, 0000, 0000, 0000,
X	0000, 0000, 0000, 0037, 0377, 0377, 0377, 0377, 0377, 0377,
X	0377, 0377, 0377, 0377, 0377, 0377, 0356, 0352, 0252, 0252,
X	0252, 0252, 0252, 0250, 0210, 0210, 0210, 0257, 0377, 0377,
X	0377, 0377, 0377, 0377, 0377, 0377, 0377, 0377, 0377, 0125,
X	0125, 0125, 0021, 0000, 0000, 0000, 0000, 0000, 0000, 0000,
X	0000, 0003, 0377, 0377, 0377, 0377, 0377, 0377, 0377, 0377,
X	0377, 0377, 0377, 0373, 0252, 0252, 0252, 0252, 0252, 0052,
X	0042, 0042, 0002, 0000, 0002, 0003, 0377, 0377, 0377, 0377,
X	0377, 0377, 0377, 0377, 0377, 0377, 0375, 0125, 0125, 0125,
X	0104, 0104, 0000, 0000, 0000, 0000, 0000, 0000, 0000, 0000,
X	0177, 0377, 0377, 0377, 0377, 0377, 0377, 0377, 0377, 0377,
X	0377, 0376, 0356, 0252, 0252, 0252, 0252, 0252, 0212, 0210,
X	0210, 0210, 0210, 0210, 0277, 0377, 0377, 0377, 0377, 0377,
X	0377, 0377, 0377, 0377, 0365, 0125, 0125, 0121, 0021, 0020,
X	0000, 0000, 0000, 0000, 0000, 0000, 0000, 0000, 0037, 0377,
X	0377, 0377, 0377, 0377, 0377, 0377, 0377, 0377, 0377, 0373,
X	0272, 0252, 0252, 0252, 0252, 0242, 0042, 0042, 0040, 0000,
X	0000, 0000, 0057, 0377, 0377, 0377, 0377, 0377, 0377, 0377,
X	0377, 0377, 0335, 0125, 0125, 0125, 0124, 0104, 0100, 0000,
X	0000, 0000, 0000, 0000, 0000, 0000, 0007, 0377, 0377, 0377,
X	0377, 0377, 0377, 0377, 0377, 0377, 0377, 0376, 0356, 0252,
X	0252, 0252, 0252, 0252, 0250, 0210, 0210, 0210, 0210, 0210,
X	0213, 0377, 0377, 0377, 0377, 0377, 0377, 0377, 0377, 0377,
X	0125, 0125, 0125, 0121, 0021, 0000, 0000, 0000, 0000, 0000,
X	0000, 0000, 0000, 0000, 0000, 0377, 0377, 0377, 0377, 0377,
X	0377, 0377, 0377, 0377, 0377, 0273, 0252, 0252, 0252, 0252,
X	0252, 0043, 0042, 0002, 0000, 0000, 0000, 0000, 0002, 0177,
X	0377, 0377, 0377, 0377, 0377, 0377, 0377, 0377, 0325, 0125,
X	0125, 0125, 0104, 0104, 0000, 0001, 0000, 0100, 0000, 0000,
X	0000, 0000, 0000, 0077, 0377, 0377, 0377, 0377, 0377, 0377,
X	0377, 0377, 0377, 0356, 0356, 0252, 0252, 0252, 0252, 0253,
X	0210, 0310, 0210, 0010, 0010, 0010, 0010, 0237, 0377, 0377,
X	0377, 0377, 0377, 0377, 0377, 0367, 0125, 0125, 0125, 0121,
X	0021, 0024, 0000, 0025, 0120, 0100, 0000, 0000, 0000, 0000,
X	0000, 0017, 0377, 0377, 0377, 0377, 0377, 0377, 0377, 0377,
X	0377, 0272, 0252, 0252, 0257, 0376, 0252, 0273, 0372, 0140,
X	0240, 0000, 0000, 0000, 0000, 0047, 0377, 0377, 0377, 0377,
X	0377, 0377, 0377, 0375, 0325, 0125, 0125, 0125, 0135, 0324,
X	0100, 0125, 0120, 0100, 0124, 0000, 0000, 0000, 0000, 0003,
X	0377, 0377, 0377, 0377, 0377, 0377, 0377, 0377, 0377, 0376,
X	0352, 0252, 0277, 0372, 0252, 0376, 0276, 0350, 0377, 0300,
X	0200, 0200, 0200, 0213, 0377, 0377, 0377, 0377, 0377, 0377,
X	0377, 0167, 0125, 0125, 0125, 0021, 0025, 0120, 0000, 0124,
X	0024, 0100, 0025, 0120, 0000, 0000, 0000, 0001, 0377, 0377,
X	0377, 0377, 0377, 0377, 0377, 0377, 0377, 0273, 0252, 0252,
X	0277, 0352, 0252, 0276, 0072, 0042, 0033, 0273, 0200, 0000,
X	0000, 0002, 0377, 0377, 0377, 0377, 0377, 0377, 0377, 0335,
X	0125, 0125, 0125, 0125, 0135, 0104, 0001, 0120, 0005, 0120,
X	0025, 0125, 0100, 0000, 0000, 0000, 0177, 0377, 0377, 0377,
X	0377, 0377, 0377, 0377, 0377, 0357, 0352, 0252, 0377, 0352,
X	0253, 0372, 0217, 0370, 0217, 0357, 0340, 0000, 0000, 0010,
X	0277, 0377, 0377, 0377, 0377, 0377, 0377, 0165, 0125, 0127,
X	0125, 0121, 0125, 0100, 0001, 0120, 0005, 0120, 0001, 0125,
X	0100, 0000, 0000, 0000, 0037, 0377, 0377, 0377, 0377, 0377,
X	0377, 0377, 0373, 0277, 0252, 0252, 0377, 0352, 0257, 0342,
X	0043, 0360, 0043, 0273, 0270, 0000, 0000, 0000, 0077, 0377,
X	0377, 0377, 0377, 0377, 0377, 0375, 0325, 0335, 0325, 0125,
X	0135, 0304, 0105, 0100, 0001, 0120, 0001, 0125, 0124, 0000,
X	0000, 0000, 0017, 0377, 0377, 0377, 0377, 0377, 0377, 0377,
X	0377, 0377, 0352, 0253, 0377, 0252, 0257, 0352, 0253, 0370,
X	0213, 0374, 0237, 0000, 0000, 0200, 0217, 0377, 0377, 0377,
X	0377, 0377, 0377, 0165, 0127, 0167, 0125, 0021, 0125, 0000,
X	0005, 0100, 0001, 0120, 0001, 0124, 0025, 0000, 0000, 0000,
X	0007, 0377, 0377, 0377, 0377, 0377, 0377, 0377, 0377, 0377,
X	0252, 0253, 0377, 0252, 0257, 0242, 0043, 0272, 0001, 0272,
X	0013, 0200, 0000, 0000, 0003, 0377, 0377, 0377, 0377, 0377,
X	0377, 0335, 0125, 0335, 0125, 0125, 0135, 0104, 0005, 0100,
X	0001, 0120, 0001, 0124, 0005, 0100, 0000, 0000, 0001, 0377,
X	0377, 0377, 0377, 0377, 0377, 0377, 0377, 0377, 0356, 0253,
X	0377, 0252, 0277, 0352, 0211, 0370, 0211, 0356, 0007, 0340,
X	0000, 0000, 0011, 0377, 0377, 0377, 0377, 0377, 0377, 0165,
X	0125, 0167, 0125, 0121, 0125, 0020, 0025, 0100, 0000, 0120,
X	0000, 0125, 0001, 0100, 0000, 0000, 0000, 0377, 0377, 0377,
X	0377, 0377, 0377, 0377, 0373, 0376, 0252, 0252, 0377, 0252,
X	0277, 0342, 0042, 0370, 0040, 0273, 0003, 0260, 0000, 0000,
X	0002, 0377, 0377, 0377, 0377, 0377, 0377, 0335, 0325, 0335,
X	0125, 0125, 0334, 0104, 0125, 0000, 0000, 0124, 0000, 0125,
X	0001, 0120, 0000, 0000, 0000, 0177, 0377, 0377, 0377, 0377,
X	0377, 0377, 0377, 0376, 0352, 0256, 0376, 0252, 0377, 0252,
X	0250, 0274, 0210, 0377, 0201, 0370, 0000, 0000, 0210, 0277,
X	0377, 0377, 0377, 0377, 0377, 0165, 0127, 0167, 0125, 0125,
X	0125, 0000, 0125, 0000, 0000, 0024, 0000, 0125, 0000, 0120,
X	0000, 0000, 0000, 0077, 0377, 0377, 0377, 0377, 0377, 0377,
X	0377, 0377, 0252, 0257, 0376, 0252, 0377, 0252, 0042, 0072,
X	0000, 0073, 0200, 0272, 0000, 0000, 0000, 0077, 0377, 0377,
X	0377, 0377, 0377, 0335, 0127, 0335, 0125, 0135, 0334, 0104,
X	0125, 0000, 0000, 0024, 0000, 0125, 0000, 0124, 0000, 0000,
X	0000, 0037, 0377, 0377, 0377, 0377, 0377, 0377, 0377, 0376,
X	0356, 0257, 0376, 0252, 0377, 0252, 0212, 0234, 0210, 0377,
X	0310, 0156, 0000, 0000, 0010, 0217, 0377, 0377, 0377, 0377,
X	0367, 0165, 0127, 0167, 0125, 0125, 0125, 0020, 0125, 0000,
X	0000, 0024, 0000, 0125, 0100, 0125, 0000, 0000, 0000, 0017,
X	0377, 0377, 0377, 0377, 0377, 0377, 0377, 0377, 0252, 0277,
X	0376, 0252, 0377, 0242, 0242, 0072, 0040, 0073, 0200, 0073,
X	0000, 0000, 0000, 0047, 0377, 0377, 0377, 0377, 0377, 0335,
X	0325, 0375, 0125, 0135, 0334, 0104, 0325, 0000, 0000, 0004,
X	0000, 0025, 0100, 0125, 0000, 0000, 0000, 0007, 0377, 0377,
X	0377, 0377, 0377, 0377, 0377, 0376, 0356, 0273, 0376, 0252,
X	0377, 0252, 0252, 0256, 0210, 0277, 0300, 0277, 0200, 0200,
X	0210, 0217, 0377, 0377, 0377, 0377, 0377, 0165, 0125, 0165,
X	0125, 0125, 0125, 0000, 0125, 0000, 0000, 0004, 0000, 0025,
X	0100, 0025, 0100, 0000, 0000, 0003, 0377, 0377, 0377, 0377,
X	0377, 0377, 0377, 0377, 0252, 0273, 0376, 0252, 0377, 0252,
X	0042, 0042, 0002, 0073, 0240, 0033, 0200, 0000, 0000, 0003,
X	0377, 0377, 0377, 0377, 0377, 0335, 0137, 0335, 0125, 0125,
X	0334, 0104, 0125, 0000, 0000, 0004, 0000, 0025, 0100, 0025,
X	0100, 0000, 0000, 0001, 0377, 0377, 0377, 0377, 0377, 0377,
X	0377, 0376, 0356, 0273, 0376, 0252, 0377, 0252, 0252, 0216,
X	0210, 0277, 0350, 0017, 0300, 0000, 0010, 0213, 0377, 0377,
X	0377, 0377, 0367, 0165, 0127, 0165, 0125, 0165, 0125, 0020,
X	0125, 0000, 0000, 0004, 0000, 0025, 0100, 0005, 0100, 0000,
X	0000, 0001, 0377, 0377, 0377, 0377, 0377, 0377, 0377, 0373,
X	0272, 0357, 0376, 0253, 0376, 0252, 0242, 0042, 0042, 0073,
X	0260, 0013, 0240, 0000, 0000, 0042, 0377, 0377, 0377, 0377,
X	0377, 0375, 0335, 0375, 0125, 0125, 0334, 0105, 0324, 0100,
X	0000, 0000, 0000, 0025, 0120, 0005, 0100, 0000, 0000, 0000,
X	0377, 0377, 0377, 0377, 0377, 0377, 0377, 0376, 0356, 0357,
X	0376, 0253, 0376, 0252, 0252, 0252, 0210, 0237, 0370, 0217,
X	0340, 0200, 0210, 0210, 0377, 0377, 0377, 0377, 0377, 0165,
X	0167, 0165, 0125, 0125, 0125, 0021, 0124, 0000, 0000, 0000,
X	0000, 0025, 0120, 0005, 0100, 0000, 0000, 0000, 0177, 0377,
X	0377, 0377, 0377, 0377, 0377, 0373, 0252, 0357, 0376, 0253,
X	0376, 0252, 0042, 0042, 0042, 0033, 0260, 0003, 0260, 0000,
X	0000, 0002, 0177, 0377, 0377, 0377, 0377, 0335, 0327, 0335,
X	0125, 0325, 0335, 0105, 0124, 0000, 0000, 0000, 0000, 0025,
X	0120, 0005, 0120, 0000, 0000, 0000, 0177, 0377, 0377, 0377,
X	0377, 0377, 0377, 0376, 0356, 0357, 0372, 0253, 0376, 0252,
X	0252, 0252, 0210, 0237, 0370, 0217, 0350, 0010, 0010, 0212,
X	0277, 0377, 0377, 0377, 0377, 0165, 0167, 0165, 0125, 0125,
X	0161, 0021, 0124, 0000, 0000, 0000, 0000, 0025, 0120, 0005,
X	0120, 0000, 0000, 0000, 0077, 0377, 0377, 0377, 0377, 0377,
X	0377, 0373, 0273, 0357, 0372, 0253, 0376, 0252, 0242, 0242,
X	0042, 0073, 0270, 0013, 0260, 0000, 0000, 0042, 0077, 0377,
X	0377, 0377, 0377, 0375, 0367, 0375, 0125, 0125, 0335, 0125,
X	0324, 0100, 0000, 0000, 0000, 0005, 0120, 0005, 0120, 0000,
X	0000, 0000, 0077, 0377, 0377, 0377, 0377, 0377, 0377, 0376,
X	0357, 0357, 0372, 0253, 0376, 0252, 0252, 0252, 0250, 0217,
X	0370, 0217, 0370, 0210, 0210, 0210, 0277, 0377, 0377, 0377,
X	0377, 0167, 0167, 0165, 0127, 0127, 0121, 0021, 0124, 0000,
X	0000, 0000, 0000, 0005, 0120, 0005, 0120, 0000, 0000, 0000,
X	0037, 0377, 0377, 0377, 0377, 0377, 0377, 0373, 0273, 0257,
X	0372, 0257, 0376, 0252, 0252, 0042, 0042, 0053, 0272, 0003,
X	0270, 0000, 0002, 0002, 0077, 0377, 0377, 0377, 0377, 0335,
X	0377, 0335, 0125, 0135, 0335, 0105, 0134, 0104, 0000, 0000,
X	0000, 0005, 0120, 0005, 0120, 0000, 0000, 0000, 0037, 0377,
X	0377, 0377, 0377, 0377, 0377, 0377, 0357, 0357, 0372, 0257,
X	0376, 0252, 0252, 0252, 0212, 0217, 0370, 0217, 0370, 0210,
X	0210, 0212, 0277, 0377, 0377, 0377, 0377, 0367, 0167, 0165,
X	0127, 0125, 0165, 0025, 0124, 0000, 0000, 0000, 0000, 0005,
X	0120, 0005, 0120, 0000, 0000, 0000, 0037, 0377, 0377, 0377,
X	0377, 0377, 0377, 0377, 0273, 0257, 0372, 0257, 0376, 0252,
X	0252, 0242, 0242, 0053, 0372, 0043, 0260, 0040, 0040, 0042,
X	0057, 0377, 0377, 0377, 0377, 0375, 0337, 0375, 0125, 0135,
X	0335, 0125, 0324, 0104, 0100, 0000, 0000, 0005, 0120, 0005,
X	0120, 0000, 0000, 0000, 0017, 0377, 0377, 0377, 0377, 0377,
X	0377, 0377, 0377, 0357, 0372, 0257, 0376, 0252, 0252, 0252,
X	0252, 0257, 0370, 0217, 0370, 0210, 0210, 0212, 0257, 0377,
X	0377, 0377, 0377, 0167, 0127, 0165, 0127, 0127, 0125, 0025,
X	0125, 0000, 0000, 0000, 0000, 0005, 0124, 0005, 0120, 0000,
X	0000, 0000, 0017, 0377, 0377, 0377, 0377, 0377, 0377, 0377,
X	0277, 0257, 0372, 0257, 0376, 0252, 0252, 0252, 0042, 0057,
X	0272, 0013, 0262, 0002, 0002, 0042, 0057, 0377, 0377, 0377,
X	0377, 0377, 0337, 0335, 0125, 0135, 0335, 0125, 0134, 0104,
X	0004, 0000, 0000, 0005, 0124, 0005, 0120, 0000, 0000, 0000,
X	0017, 0377, 0377, 0377, 0377, 0377, 0377, 0377, 0356, 0357,
X	0372, 0257, 0376, 0252, 0252, 0252, 0252, 0217, 0374, 0217,
X	0350, 0210, 0210, 0212, 0257, 0377, 0377, 0377, 0377, 0367,
X	0367, 0165, 0127, 0127, 0165, 0125, 0125, 0020, 0000, 0000,
X	0000, 0005, 0124, 0005, 0100, 0000, 0000, 0000, 0017, 0377,
X	0377, 0377, 0377, 0377, 0377, 0377, 0377, 0277, 0372, 0257,
X	0376, 0252, 0252, 0252, 0242, 0253, 0373, 0353, 0342, 0042,
X	0042, 0042, 0257, 0377, 0377, 0377, 0377, 0377, 0337, 0375,
X	0135, 0135, 0335, 0125, 0334, 0104, 0104, 0100, 0000, 0005,
X	0125, 0125, 0000, 0000, 0000, 0000, 0017, 0377, 0377, 0377,
X	0377, 0377, 0377, 0377, 0376, 0357, 0372, 0257, 0376, 0252,
X	0252, 0252, 0252, 0257, 0375, 0377, 0210, 0210, 0250, 0252,
X	0257, 0377, 0377, 0377, 0377, 0377, 0167, 0165, 0125, 0127,
X	0125, 0125, 0125, 0021, 0000, 0000, 0000, 0005, 0125, 0125,
X	0000, 0000, 0000, 0000, 0017, 0377, 0377, 0377, 0377, 0377,
X	0377, 0377, 0273, 0277, 0372, 0257, 0376, 0252, 0252, 0252,
X	0252, 0057, 0277, 0277, 0042, 0042, 0042, 0042, 0057, 0377,
X	0377, 0377, 0377, 0377, 0337, 0375, 0135, 0135, 0335, 0125,
X	0335, 0104, 0104, 0004, 0000, 0005, 0125, 0125, 0000, 0000,
X	0000, 0000, 0007, 0377, 0377, 0377, 0377, 0377, 0377, 0377,
X	0377, 0357, 0376, 0257, 0376, 0252, 0252, 0252, 0252, 0257,
X	0377, 0377, 0212, 0212, 0212, 0252, 0257, 0377, 0377, 0377,
X	0377, 0377, 0367, 0167, 0125, 0127, 0165, 0125, 0125, 0021,
X	0020, 0000, 0000, 0005, 0125, 0125, 0000, 0000, 0000, 0000,
X	0037, 0377, 0377, 0377, 0377, 0377, 0377, 0377, 0373, 0277,
X	0372, 0257, 0376, 0252, 0252, 0252, 0252, 0257, 0377, 0373,
X	0042, 0042, 0042, 0042, 0257, 0377, 0377, 0377, 0377, 0377,
X	0375, 0377, 0335, 0135, 0335, 0125, 0335, 0124, 0104, 0104,
X	0100, 0005, 0125, 0125, 0000, 0000, 0000, 0000, 0117, 0377,
X	0377, 0377, 0377, 0377, 0377, 0377, 0377, 0377, 0376, 0357,
X	0376, 0252, 0252, 0252, 0252, 0257, 0377, 0377, 0252, 0252,
X	0252, 0252, 0257, 0377, 0377, 0377, 0377, 0377, 0167, 0167,
X	0165, 0127, 0165, 0125, 0125, 0021, 0025, 0125, 0124, 0005,
X	0124, 0125, 0000, 0000, 0000, 0000, 0017, 0377, 0377, 0377,
X	0377, 0377, 0377, 0377, 0377, 0277, 0372, 0257, 0376, 0252,
X	0277, 0377, 0376, 0257, 0276, 0277, 0042, 0042, 0042, 0052,
X	0257, 0377, 0377, 0377, 0377, 0377, 0377, 0377, 0135, 0135,
X	0335, 0125, 0335, 0125, 0135, 0135, 0124, 0005, 0124, 0125,
X	0000, 0000, 0000, 0000, 0117, 0377, 0377, 0377, 0377, 0377,
X	0377, 0377, 0377, 0377, 0376, 0357, 0376, 0252, 0277, 0377,
X	0376, 0257, 0376, 0377, 0252, 0252, 0252, 0252, 0257, 0377,
X	0377, 0377, 0377, 0377, 0367, 0367, 0125, 0127, 0165, 0125,
X	0165, 0121, 0025, 0125, 0124, 0005, 0124, 0125, 0000, 0000,
X	0000, 0000, 0037, 0377, 0377, 0377, 0377, 0377, 0377, 0377,
X	0377, 0377, 0372, 0257, 0376, 0252, 0277, 0377, 0376, 0257,
X	0372, 0377, 0242, 0242, 0242, 0252, 0257, 0377, 0377, 0377,
X	0377, 0377, 0377, 0377, 0335, 0135, 0335, 0125, 0335, 0125,
X	0135, 0325, 0324, 0105, 0120, 0125, 0000, 0000, 0000, 0000,
X	0137, 0377, 0377, 0377, 0377, 0377, 0377, 0377, 0377, 0377,
X	0376, 0357, 0376, 0252, 0277, 0377, 0376, 0257, 0372, 0377,
X	0252, 0252, 0252, 0252, 0257, 0377, 0377, 0377, 0377, 0377,
X	0377, 0167, 0125, 0127, 0165, 0127, 0125, 0021, 0021, 0125,
X	0100, 0005, 0120, 0125, 0000, 0000, 0000, 0000, 0037, 0377,
X	0377, 0377, 0377, 0377, 0377, 0377, 0377, 0377, 0373, 0253,
X	0376, 0252, 0253, 0377, 0352, 0257, 0372, 0377, 0352, 0052,
X	0252, 0252, 0277, 0377, 0377, 0377, 0377, 0377, 0377, 0377,
X	0375, 0137, 0335, 0125, 0335, 0125, 0125, 0135, 0104, 0105,
X	0124, 0125, 0000, 0000, 0000, 0004, 0137, 0377, 0377, 0377,
X	0377, 0377, 0377, 0377, 0377, 0377, 0376, 0357, 0376, 0252,
X	0253, 0377, 0352, 0257, 0372, 0377, 0252, 0252, 0252, 0252,
X	0277, 0377, 0377, 0377, 0377, 0377, 0377, 0367, 0365, 0127,
X	0165, 0127, 0165, 0125, 0121, 0125, 0020, 0025, 0120, 0125,
X	0100, 0000, 0000, 0021, 0037, 0377, 0377, 0377, 0377, 0377,
X	0377, 0377, 0377, 0377, 0373, 0273, 0376, 0252, 0252, 0377,
X	0252, 0257, 0372, 0277, 0352, 0252, 0252, 0252, 0277, 0377,
X	0377, 0377, 0377, 0377, 0377, 0377, 0375, 0325, 0375, 0125,
X	0335, 0125, 0125, 0335, 0304, 0105, 0324, 0125, 0300, 0100,
X	0104, 0104, 0177, 0377, 0377, 0377, 0377, 0377, 0377, 0377,
X	0377, 0377, 0377, 0377, 0376, 0352, 0252, 0377, 0252, 0277,
X	0372, 0377, 0352, 0252, 0252, 0252, 0277, 0377, 0377, 0377,
X	0377, 0377, 0377, 0177, 0165, 0127, 0165, 0127, 0127, 0125,
X	0025, 0125, 0021, 0025, 0120, 0125, 0100, 0000, 0000, 0001,
X	0077, 0377, 0377, 0377, 0377, 0377, 0377, 0377, 0377, 0377,
X	0373, 0273, 0377, 0252, 0252, 0377, 0252, 0277, 0372, 0377,
X	0252, 0252, 0252, 0252, 0277, 0377, 0377, 0377, 0377, 0377,
X	0377, 0377, 0375, 0337, 0335, 0125, 0335, 0125, 0125, 0335,
X	0304, 0135, 0124, 0125, 0104, 0104, 0104, 0105, 0177, 0377,
X	0377, 0377, 0377, 0377, 0377, 0377, 0377, 0377, 0377, 0357,
X	0377, 0356, 0252, 0377, 0252, 0277, 0372, 0377, 0352, 0252,
X	0252, 0252, 0377, 0377, 0377, 0377, 0377, 0377, 0377, 0377,
X	0367, 0167, 0165, 0125, 0167, 0125, 0125, 0125, 0021, 0025,
X	0120, 0025, 0120, 0020, 0021, 0021, 0177, 0377, 0377, 0377,
X	0377, 0377, 0377, 0377, 0377, 0377, 0377, 0373, 0377, 0252,
X	0252, 0377, 0252, 0277, 0372, 0277, 0352, 0252, 0252, 0252,
X	0377, 0377, 0377, 0377, 0377, 0377, 0377, 0377, 0375, 0337,
X	0375, 0125, 0335, 0125, 0125, 0335, 0125, 0135, 0324, 0125,
X	0304, 0104, 0104, 0125, 0377, 0377, 0377, 0377, 0377, 0377,
X	0377, 0377, 0377, 0377, 0377, 0377, 0377, 0356, 0352, 0377,
X	0252, 0277, 0372, 0277, 0352, 0252, 0252, 0252, 0377, 0377,
X	0377, 0377, 0377, 0377, 0377, 0377, 0177, 0127, 0165, 0125,
X	0167, 0125, 0125, 0125, 0021, 0025, 0121, 0025, 0101, 0001,
X	0021, 0025, 0377, 0377, 0377, 0377, 0377, 0377, 0377, 0377,
X	0377, 0377, 0377, 0273, 0377, 0252, 0252, 0377, 0252, 0277,
X	0352, 0277, 0352, 0252, 0252, 0253, 0377, 0377, 0377, 0377,
X	0377, 0377, 0377, 0377, 0377, 0337, 0375, 0125, 0335, 0125,
X	0125, 0335, 0125, 0135, 0105, 0135, 0104, 0104, 0105, 0125,
X	0377, 0377, 0377, 0377, 0377, 0377, 0377, 0377, 0377, 0377,
X	0377, 0377, 0377, 0356, 0357, 0377, 0252, 0277, 0352, 0377,
X	0352, 0252, 0252, 0257, 0377, 0377, 0377, 0377, 0377, 0377,
X	0377, 0377, 0367, 0167, 0165, 0125, 0167, 0125, 0125, 0165,
X	0125, 0125, 0121, 0125, 0121, 0021, 0021, 0127, 0377, 0377,
X	0377, 0377, 0377, 0377, 0377, 0377, 0377, 0377, 0377, 0377,
X	0377, 0273, 0273, 0377, 0252, 0277, 0352, 0277, 0352, 0252,
X	0252, 0257, 0377, 0377, 0377, 0377, 0377, 0377, 0377, 0377,
X	0377, 0377, 0377, 0325, 0175, 0125, 0125, 0335, 0125, 0135,
X	0325, 0135, 0325, 0125, 0125, 0127, 0377, 0377, 0377, 0377,
X	0377, 0377, 0377, 0377, 0377, 0377, 0377, 0377, 0377, 0376,
X	0357, 0376, 0352, 0377, 0352, 0377, 0252, 0252, 0252, 0357,
X	0377, 0377, 0377, 0377, 0377, 0377, 0377, 0377, 0377, 0167,
X	0167, 0125, 0167, 0125, 0125, 0127, 0125, 0125, 0121, 0025,
X	0121, 0021, 0025, 0137, 0377, 0377, 0377, 0377, 0377, 0377,
X	0377, 0377, 0377, 0377, 0377, 0377, 0377, 0273, 0253, 0376,
X	0252, 0377, 0352, 0277, 0352, 0252, 0252, 0277, 0377, 0377,
X	0377, 0377, 0377, 0377, 0377, 0377, 0377, 0377, 0377, 0335,
X	0137, 0325, 0125, 0335, 0125, 0135, 0325, 0135, 0325, 0125,
X	0125, 0137, 0377, 0377, 0377, 0377, 0377, 0377, 0377, 0377,
X	0377, 0377, 0377, 0377, 0377, 0377, 0357, 0376, 0356, 0377,
X	0252, 0377, 0352, 0252, 0256, 0377, 0377, 0377, 0377, 0377,
X	0377, 0377, 0377, 0377, 0377, 0367, 0367, 0125, 0167, 0125,
X	0125, 0167, 0125, 0165, 0125, 0165, 0125, 0125, 0125, 0177,
X	0377, 0377, 0377, 0377, 0377, 0377, 0377, 0377, 0377, 0377,
X	0377, 0377, 0377, 0373, 0273, 0376, 0252, 0377, 0252, 0377,
X	0352, 0252, 0253, 0277, 0377, 0377, 0377, 0377, 0377, 0377,
X	0377, 0377, 0377, 0377, 0377, 0335, 0335, 0365, 0125, 0335,
X	0125, 0335, 0125, 0135, 0325, 0125, 0125, 0177, 0377, 0377,
X	0377, 0377, 0377, 0377, 0377, 0377, 0377, 0377, 0377, 0377,
X	0377, 0377, 0377, 0376, 0356, 0377, 0352, 0377, 0352, 0352,
X	0356, 0377, 0377, 0377, 0377, 0377, 0377, 0377, 0377, 0377,
X	0377, 0377, 0177, 0125, 0127, 0165, 0127, 0165, 0125, 0127,
X	0125, 0127, 0125, 0125, 0125, 0377, 0377, 0377, 0377, 0377,
X	0377, 0377, 0377, 0377, 0377, 0377, 0377, 0377, 0377, 0377,
X	0273, 0377, 0253, 0377, 0252, 0377, 0252, 0252, 0253, 0377,
X	0377, 0377, 0377, 0377, 0377, 0377, 0377, 0377, 0377, 0377,
X	0377, 0335, 0337, 0325, 0125, 0335, 0125, 0335, 0125, 0335,
X	0125, 0125, 0125, 0377, 0377, 0377, 0377, 0377, 0377, 0377,
X	0377, 0377, 0377, 0377, 0377, 0377, 0377, 0377, 0377, 0376,
X	0357, 0377, 0356, 0376, 0356, 0356, 0357, 0377, 0377, 0377,
X	0377, 0377, 0377, 0377, 0377, 0377, 0377, 0377, 0377, 0367,
X	0167, 0165, 0127, 0165, 0125, 0167, 0125, 0165, 0125, 0125,
X	0127, 0377, 0377, 0377, 0377, 0377, 0377, 0377, 0377, 0377,
X	0377, 0377, 0377, 0377, 0377, 0377, 0377, 0373, 0273, 0377,
X	0273, 0372, 0272, 0273, 0277, 0377, 0377, 0377, 0377, 0377,
X	0377, 0377, 0377, 0377, 0377, 0377, 0377, 0375, 0337, 0365,
X	0325, 0375, 0135, 0335, 0325, 0125, 0125, 0125, 0137, 0377,
X	0377, 0377, 0377, 0377, 0377, 0377, 0377, 0377, 0377, 0377,
X	0377, 0377, 0377, 0377, 0377, 0377, 0377, 0377, 0356, 0356,
X	0356, 0377, 0377, 0377, 0377, 0377, 0377, 0377, 0377, 0377,
X	0377, 0377, 0377, 0377, 0377, 0167, 0167, 0165, 0127, 0165,
X	0127, 0167, 0125, 0125, 0125, 0125, 0137, 0377, 0377, 0377,
X	0377, 0377, 0377, 0377, 0377, 0377, 0377, 0377, 0377, 0377,
X	0377, 0377, 0377, 0377, 0277, 0377, 0273, 0273, 0273, 0273,
X	0377, 0377, 0377, 0377, 0377, 0377, 0377, 0377, 0377, 0377,
X	0377, 0377, 0377, 0377, 0335, 0375, 0137, 0325, 0135, 0325,
X	0125, 0125, 0125, 0125, 0177, 0377, 0377, 0377, 0377, 0377,
X	0377, 0377, 0377, 0377, 0377, 0377, 0377, 0377, 0377, 0377,
X	0377, 0377, 0377, 0377, 0357, 0357, 0357, 0377, 0377, 0377,
X	0377, 0377, 0377, 0377, 0377, 0377, 0377, 0377, 0377, 0377,
X	0377, 0377, 0167, 0167, 0167, 0125, 0125, 0125, 0125, 0125,
X	0125, 0125, 0377, 0377, 0377, 0377, 0377, 0377, 0377, 0377,
X	0377, 0377, 0377, 0377, 0377, 0377, 0377, 0377, 0377, 0377,
X	0377, 0373, 0373, 0273, 0273, 0377, 0377, 0377, 0377, 0377,
X	0377, 0377, 0377, 0377, 0377, 0377, 0377, 0377, 0377, 0377,
X	0377, 0377, 0375, 0325, 0325, 0125, 0125, 0125, 0125, 0137,
X	0377, 0377, 0377, 0377, 0377, 0377, 0377, 0377, 0377, 0377,
X	0377, 0377, 0377, 0377, 0377, 0377, 0377, 0377, 0377, 0377,
X	0377, 0377, 0377, 0377, 0377, 0377, 0377, 0377, 0377, 0377,
X	0377, 0377, 0377, 0377, 0377, 0377, 0377, 0377, 0167, 0167,
X	0167, 0125, 0125, 0125, 0125, 0125, 0125, 0137, 0377, 0377,
X	0377, 0377, 0377, 0377, 0377, 0377, 0377, 0377, 0377, 0377,
X	0377, 0377, 0377, 0377, 0377, 0377, 0377, 0377, 0377, 0377,
X	0377, 0377, 0377, 0377, 0377, 0377, 0377, 0377, 0377, 0377,
X	0377, 0377, 0377, 0377, 0377, 0377, 0377, 0377, 0335, 0335,
X	0335, 0135, 0125, 0125, 0135, 0377, 0377, 0377, 0377, 0377,
X	0377, 0377, 0377, 0377, 0377, 0377, 0377, 0377, 0377, 0377,
X	0377, 0377, 0377, 0377, 0377, 0377, 0377, 0377, 0377, 0377,
X	0377, 0377, 0377, 0377, 0377, 0377, 0377, 0377, 0377, 0377,
X	0377, 0377, 0377, 0377, 0377, 0367, 0167, 0165, 0165, 0125,
X	0125, 0125, 0167, 0377, 0377, 0377, 0377, 0377, 0377, 0377,
X	0377, 0377, 0377, 0377, 0377, 0377, 0377, 0377, 0377, 0377,
X	0377, 0377, 0377, 0377, 0377, 0377, 0377, 0377, 0377, 0377,
X	0377, 0377, 0377, 0377, 0377, 0377, 0377, 0377, 0377, 0377,
X	0377, 0377, 0377, 0377, 0377, 0375, 0335, 0335, 0335, 0335,
X	0377, 0377, 0377, 0377, 0377, 0377, 0377, 0377, 0377, 0377,
X	0377, 0377, 0377, 0377, 0377, 0377, 0377, 0377, 0377, 0377,
X	0377, 0377, 0377, 0377, 0377, 0377, 0377, 0377, 0377, 0377,
X	0377, 0377, 0377, 0377, 0377, 0377, 0377, 0377, 0377, 0377,
X	0377, 0377, 0167, 0167, 0167, 0127, 0127, 0167, 0177, 0377,
X	0377, 0377, 0377, 0377, 0377, 0377, 0377, 0377, 0377, 0377,
X	0377, 0377, 0377, 0377, 0377, 0377, 0377, 0377, 0377, 0377,
X	0377, 0377, 0377, 0377, 0377, 0377, 0377, 0377, 0377, 0377,
X	0377, 0377, 0377, 0377, 0377, 0377, 0377, 0377, 0377, 0377,
X	0377, 0377, 0337, 0335, 0337, 0337, 0377, 0377, 0377, 0377,
X	0377, 0377, 0377, 0377, 0377, 0377, 0377, 0377, 0377, 0377,
X	0377, 0377, 0377, 0377, 0377, 0377, 0377, 0377, 0377, 0377,
X	0377, 0377, 0377, 0377, 0377, 0377, 0377, 0377, 0377, 0377,
X	0377, 0377, 0377, 0377, 0377, 0377, 0377, 0377, 0377, 0367,
X	0367, 0167, 0167, 0377, 0377, 0377, 0377, 0377, 0377, 0377,
X	0377, 0377, 0377, 0377, 0377, 0377, 0377, 0377, 0377, 0377,
X	0377, 0377, 0377, 0377, 0377, 0377, 0377, 0377, 0377, 0377,
X	0377, 0377, 0377, 0377, 0377, 0377, 0377, 0377, 0377, 0377,
X	0377, 0377, 0377, 0377, 0377, 0377, 0377, 0377, 0377, 0377,
X	0377, 0377, 0377, 0377, 0377, 0377, 0377, 0377, 0377, 0377,
X	0377, 0377, 0377, 0377, 0377, 0377, 0377, 0377, 0377, 0377,
X	0377, 0377, 0377, 0377, 0377, 0377, 0377, 0377, 0377, 0377,
X	0377, 0377, 0377, 0377, 0377, 0377, 0377, 0377, 0377, 0377,
X	0377, 0377, 0377, 0377, 0377, 0377, 0377, 0377, 0377, 0377,
X	0377, 0377, 0377, 0377, 0377, 0377, 0377, 0377, 0377, 0377,
X	0377, 0377, 0377, 0377, 0377, 0377, 0377, 0377, 0377, 0377,
X	0377, 0377, 0377, 0377, 0377, 0377, 0377, 0377, 0377, 0377,
X	0377, 0377, 0377, 0377, 0377, 0377, 0377, 0377, 0377, 0377,
X	0377, 0377, 0377, 0377, 0377, 0377, 0377, 0377, 0377, 0377,
X	0377, 0377, 0377, 0377, 0377, 0377, 0377, 0377, 0377, 0377,
X	0377, 0377, 0377, 0377, 0377, 0377, 0377, 0377, 0377, 0377,
X	0377, 0377, 0377, 0377, 0377, 0377, 0377, 0377, 0377, 0377,
X	0377, 0377, 0377, 0377, 0377, 0377, 0377, 0377, 0377, 0377,
X	0377, 0377, 0377, 0377, 0377, 0377, 0377, 0377, 0377, 0377,
X	0377, 0377, 0377, 0377, 0377, 0377, 0377, 0377, 0377, 0377,
X	0377, 0377, 0377, 0377, 0377, 0377, 0377, 0377, 0377, 0377,
X	0377, 0377, 0377, 0377, 0377, 0377, 0377, 0377, 0377, 0377,
X	0377, 0377, 0377, 0377, 0377, 0377, 0377, 0377, 0377, 0377,
X	0377, 0377, 0377, 0377, 0377, 0377, 0377, 0377, 0377, 0377,
X	0377, 0377, 0377, 0377, 0377, 0377, 0377, 0377, 0377, 0377,
X	0377, 0377, 0377, 0377, 0377, 0377, 0377, 0377, 0377, 0377,
X	0377, 0377, 0377, 0377, 0377, 0377, 0377, 0377, 0377, 0377,
X	0377, 0377, 0377, 0377, 0377, 0377, 0377, 0377, 0377, 0377,
X	0377, 0377, 0377, 0377, 0377, 0377, 0377, 0377, 0377, 0377,
X	0377, 0377, 0377, 0377, 0377, 0377, 0377, 0377, 0377, 0377,
X	0377, 0377, 0377, 0377, 0377, 0377, 0377, 0377, 0377, 0377,
X	0377, 0377, 0377, 0377, 0377, 0377, 0377, 0377, 0377, 0377,
X	0377, 0377, 0377, 0377, 0377, 0377, 0377, 0377, 0377, 0377,
X	0377, 0377, 0377, 0377, 0377, 0377, 0377, 0377, 0377, 0377,
X	0377, 0377, 0377, 0377, 0377, 0377, 0377, 0377, 0377, 0377,
X	0377, 0377, 0377, 0377, 0377, 0377, 0377, 0377, 0377, 0377,
X	0377, 0377, 0377, 0377, 0377, 0377, 0377, 0377, 0377, 0377,
END_OF_FILE
# end of 'src/copyright.h.2'
fi
echo shar: End of archive 59 \(of 61\).
cp /dev/null ark59isdone
MISSING=""
for I in 1 2 3 4 5 6 7 8 9 10 11 12 13 14 15 16 17 18 19 20 \
	21 22 23 24 25 26 27 28 29 30 31 32 33 34 35 36 37 \
	38 39 40 41 42 43 44 45 46 47 48 49 50 51 52 53 54 \
	55 56 57 58 59 60 61 ; do
    if test ! -f ark${I}isdone ; then
	MISSING="${MISSING} ${I}"
    fi
done
if test "${MISSING}" = "" ; then
    echo You have unpacked all 61 archives.
    rm -f ark[1-9]isdone ark[1-9][0-9]isdone
else
    echo You still need to unpack the following archives:
    echo "        " ${MISSING}
fi
##  End of shell archive.
exit 0
