Subject:  v17i059:  MGR, Bellcore window manager, Part58/61
Newsgroups: comp.sources.unix
Approved: rsalz@uunet.UU.NET

Submitted-by: Stephen A. Uhler <sau@bellcore.com>
Posting-number: Volume 17, Issue 59
Archive-name: mgr/part58




#! /bin/sh
# This is a shell archive.  Remove anything before this line, then unpack
# it by saving it into a file and typing "sh file".  To overwrite existing
# files, type "sh file -c".  You can also feed this as standard input via
# unshar, or by typing "sh <file", e.g..  If this archive is complete, you
# will see the following message at the end:
#		"End of archive 58 (of 61)."
# Contents:  src/copyright.h.5
# Wrapped by rsalz@papaya.bbn.com on Thu Nov 17 21:06:05 1988
PATH=/bin:/usr/bin:/usr/ucb ; export PATH
if test -f 'src/copyright.h.5' -a "${1}" != "-c" ; then 
  echo shar: Will not clobber existing file \"'src/copyright.h.5'\"
else
echo shar: Extracting \"'src/copyright.h.5'\" \(42397 characters\)
sed "s/^X//" >'src/copyright.h.5' <<'END_OF_FILE'
X	0377, 0377, 0377, 0377, 0377, 0377, 0377, 0377, 0377, 0377,
X	0377, 0377, 0377, 0377, 0377, 0377, 0377, 0344, 0125, 0125,
X	0125, 0135, 0337, 0377, 0377, 0377, 0377, 0377, 0377, 0377,
X	0377, 0377, 0377, 0377, 0377, 0377, 0377, 0377, 0377, 0377,
X	0377, 0352, 0256, 0357, 0377, 0377, 0377, 0377, 0377, 0377,
X	0377, 0377, 0377, 0377, 0377, 0377, 0377, 0377, 0377, 0377,
X	0377, 0377, 0377, 0377, 0377, 0221, 0125, 0125, 0125, 0125,
X	0167, 0177, 0377, 0377, 0377, 0377, 0377, 0377, 0377, 0377,
X	0377, 0377, 0377, 0377, 0377, 0377, 0377, 0377, 0377, 0252,
X	0252, 0273, 0377, 0377, 0377, 0377, 0377, 0377, 0377, 0377,
X	0377, 0377, 0377, 0377, 0377, 0377, 0377, 0377, 0377, 0377,
X	0377, 0377, 0376, 0125, 0125, 0125, 0125, 0335, 0377, 0377,
X	0377, 0377, 0377, 0377, 0377, 0377, 0377, 0377, 0377, 0377,
X	0377, 0377, 0377, 0377, 0377, 0377, 0376, 0252, 0356, 0377,
X	0377, 0377, 0377, 0377, 0377, 0377, 0377, 0377, 0377, 0377,
X	0377, 0377, 0377, 0377, 0377, 0377, 0377, 0377, 0377, 0377,
X	0374, 0025, 0125, 0125, 0125, 0127, 0177, 0377, 0377, 0377,
X	0377, 0377, 0377, 0377, 0377, 0377, 0377, 0377, 0377, 0377,
X	0377, 0377, 0377, 0377, 0372, 0252, 0253, 0277, 0377, 0377,
X	0377, 0377, 0377, 0377, 0377, 0377, 0377, 0377, 0377, 0377,
X	0377, 0377, 0377, 0377, 0377, 0377, 0377, 0377, 0364, 0125,
X	0125, 0125, 0135, 0337, 0377, 0377, 0377, 0377, 0377, 0377,
X	0377, 0377, 0377, 0377, 0377, 0377, 0377, 0377, 0377, 0377,
X	0377, 0377, 0352, 0252, 0357, 0377, 0377, 0377, 0377, 0377,
X	0377, 0377, 0377, 0377, 0377, 0377, 0377, 0377, 0377, 0377,
X	0377, 0377, 0377, 0377, 0377, 0377, 0301, 0125, 0125, 0127,
X	0167, 0167, 0377, 0377, 0377, 0377, 0377, 0377, 0377, 0377,
X	0377, 0377, 0377, 0377, 0377, 0377, 0377, 0377, 0377, 0377,
X	0352, 0252, 0273, 0377, 0377, 0377, 0377, 0377, 0377, 0377,
X	0377, 0377, 0377, 0377, 0377, 0377, 0377, 0377, 0377, 0377,
X	0377, 0377, 0377, 0377, 0305, 0125, 0125, 0377, 0335, 0377,
X	0377, 0377, 0377, 0377, 0377, 0377, 0377, 0377, 0377, 0377,
X	0377, 0377, 0377, 0377, 0377, 0377, 0377, 0377, 0252, 0356,
X	0377, 0377, 0377, 0377, 0377, 0377, 0377, 0377, 0377, 0377,
X	0377, 0377, 0377, 0377, 0377, 0377, 0377, 0377, 0377, 0377,
X	0377, 0377, 0021, 0125, 0127, 0167, 0167, 0177, 0377, 0377,
X	0377, 0377, 0377, 0377, 0377, 0377, 0377, 0377, 0377, 0377,
X	0377, 0377, 0377, 0377, 0377, 0376, 0252, 0253, 0277, 0377,
X	0377, 0377, 0377, 0377, 0377, 0377, 0377, 0377, 0377, 0377,
X	0377, 0377, 0377, 0377, 0377, 0377, 0377, 0377, 0377, 0374,
X	0125, 0125, 0125, 0377, 0337, 0377, 0377, 0377, 0377, 0377,
X	0377, 0377, 0377, 0377, 0377, 0377, 0377, 0377, 0377, 0377,
X	0377, 0377, 0377, 0376, 0252, 0357, 0377, 0377, 0377, 0377,
X	0377, 0377, 0377, 0377, 0377, 0377, 0377, 0377, 0377, 0377,
X	0377, 0377, 0377, 0377, 0377, 0377, 0377, 0371, 0025, 0125,
X	0125, 0167, 0167, 0377, 0377, 0377, 0377, 0377, 0377, 0377,
X	0377, 0377, 0377, 0377, 0377, 0377, 0377, 0377, 0377, 0377,
X	0377, 0372, 0252, 0273, 0377, 0377, 0377, 0377, 0377, 0377,
X	0377, 0377, 0377, 0377, 0377, 0377, 0377, 0377, 0377, 0377,
X	0377, 0377, 0377, 0377, 0377, 0364, 0125, 0125, 0125, 0377,
X	0377, 0377, 0377, 0377, 0377, 0377, 0377, 0377, 0377, 0377,
X	0377, 0377, 0377, 0377, 0377, 0377, 0377, 0377, 0377, 0352,
X	0256, 0377, 0377, 0377, 0377, 0377, 0377, 0377, 0377, 0377,
X	0377, 0377, 0377, 0377, 0377, 0377, 0377, 0377, 0377, 0377,
X	0377, 0377, 0377, 0341, 0025, 0125, 0127, 0167, 0177, 0377,
X	0377, 0377, 0377, 0377, 0377, 0377, 0377, 0377, 0377, 0377,
X	0377, 0377, 0377, 0377, 0377, 0377, 0377, 0352, 0253, 0273,
X	0377, 0377, 0377, 0377, 0377, 0377, 0377, 0377, 0377, 0377,
X	0377, 0377, 0377, 0377, 0377, 0377, 0377, 0377, 0377, 0377,
X	0377, 0305, 0125, 0125, 0137, 0377, 0377, 0377, 0377, 0377,
X	0377, 0377, 0377, 0377, 0377, 0377, 0377, 0377, 0377, 0377,
X	0377, 0377, 0377, 0377, 0377, 0252, 0256, 0377, 0377, 0377,
X	0377, 0377, 0377, 0377, 0377, 0377, 0377, 0377, 0377, 0377,
X	0377, 0377, 0377, 0377, 0377, 0377, 0377, 0377, 0377, 0221,
X	0125, 0125, 0127, 0367, 0377, 0377, 0377, 0377, 0377, 0377,
X	0377, 0377, 0377, 0377, 0377, 0377, 0377, 0377, 0377, 0377,
X	0377, 0377, 0377, 0252, 0273, 0277, 0377, 0377, 0377, 0377,
X	0377, 0377, 0377, 0377, 0377, 0377, 0377, 0377, 0377, 0377,
X	0377, 0377, 0377, 0377, 0377, 0377, 0377, 0125, 0125, 0125,
X	0337, 0377, 0377, 0377, 0377, 0377, 0377, 0377, 0377, 0377,
X	0377, 0377, 0377, 0377, 0377, 0377, 0377, 0377, 0377, 0377,
X	0377, 0252, 0357, 0377, 0377, 0377, 0377, 0377, 0377, 0377,
X	0377, 0377, 0377, 0377, 0377, 0377, 0377, 0377, 0377, 0377,
X	0377, 0377, 0377, 0377, 0376, 0025, 0125, 0125, 0127, 0177,
X	0377, 0377, 0377, 0377, 0377, 0377, 0377, 0377, 0377, 0377,
X	0377, 0377, 0377, 0377, 0377, 0377, 0377, 0377, 0376, 0252,
X	0273, 0277, 0377, 0377, 0377, 0377, 0377, 0377, 0377, 0377,
X	0377, 0377, 0377, 0377, 0377, 0377, 0377, 0377, 0377, 0377,
X	0377, 0377, 0374, 0125, 0125, 0135, 0337, 0377, 0377, 0377,
X	0377, 0377, 0377, 0377, 0377, 0377, 0377, 0377, 0377, 0377,
X	0377, 0377, 0377, 0377, 0377, 0377, 0376, 0256, 0357, 0377,
X	0377, 0377, 0377, 0377, 0377, 0377, 0377, 0377, 0377, 0377,
X	0377, 0377, 0377, 0377, 0377, 0377, 0377, 0377, 0377, 0377,
X	0375, 0125, 0125, 0125, 0167, 0377, 0377, 0377, 0377, 0377,
X	0377, 0377, 0377, 0377, 0377, 0377, 0377, 0377, 0377, 0377,
X	0377, 0377, 0377, 0377, 0372, 0252, 0273, 0377, 0377, 0377,
X	0377, 0377, 0377, 0377, 0377, 0377, 0377, 0377, 0377, 0377,
X	0377, 0377, 0377, 0377, 0377, 0377, 0377, 0377, 0375, 0125,
X	0125, 0335, 0377, 0377, 0377, 0377, 0377, 0377, 0377, 0377,
X	0377, 0377, 0377, 0377, 0377, 0377, 0377, 0377, 0377, 0377,
X	0377, 0377, 0372, 0256, 0377, 0377, 0377, 0377, 0377, 0377,
X	0377, 0377, 0377, 0377, 0377, 0377, 0377, 0377, 0377, 0377,
X	0377, 0377, 0377, 0377, 0377, 0377, 0361, 0125, 0125, 0127,
X	0167, 0177, 0377, 0377, 0377, 0377, 0377, 0377, 0377, 0377,
X	0377, 0377, 0377, 0377, 0377, 0377, 0377, 0377, 0377, 0377,
X	0372, 0253, 0277, 0377, 0377, 0377, 0377, 0377, 0377, 0377,
X	0377, 0377, 0377, 0377, 0377, 0377, 0377, 0377, 0377, 0377,
X	0377, 0377, 0377, 0377, 0365, 0125, 0125, 0135, 0377, 0377,
X	0377, 0377, 0377, 0377, 0377, 0377, 0377, 0377, 0377, 0377,
X	0377, 0377, 0377, 0377, 0377, 0377, 0377, 0377, 0352, 0257,
X	0377, 0377, 0377, 0377, 0377, 0377, 0377, 0377, 0377, 0377,
X	0377, 0377, 0377, 0377, 0377, 0377, 0377, 0377, 0377, 0377,
X	0377, 0377, 0361, 0125, 0125, 0167, 0167, 0377, 0377, 0377,
X	0377, 0377, 0377, 0377, 0377, 0377, 0377, 0377, 0377, 0377,
X	0377, 0377, 0377, 0377, 0377, 0377, 0352, 0273, 0377, 0377,
X	0377, 0377, 0377, 0377, 0377, 0377, 0377, 0377, 0377, 0377,
X	0377, 0377, 0377, 0377, 0377, 0377, 0377, 0377, 0377, 0377,
X	0345, 0125, 0125, 0335, 0377, 0377, 0377, 0377, 0377, 0377,
X	0377, 0377, 0377, 0377, 0377, 0377, 0377, 0377, 0377, 0377,
X	0377, 0377, 0377, 0377, 0352, 0357, 0377, 0377, 0377, 0377,
X	0377, 0377, 0377, 0377, 0377, 0377, 0377, 0377, 0377, 0377,
X	0377, 0377, 0377, 0377, 0377, 0377, 0377, 0377, 0325, 0125,
X	0125, 0167, 0177, 0377, 0377, 0377, 0377, 0377, 0377, 0377,
X	0377, 0377, 0377, 0377, 0377, 0377, 0377, 0377, 0377, 0377,
X	0377, 0377, 0352, 0273, 0377, 0377, 0377, 0377, 0377, 0377,
X	0377, 0377, 0377, 0377, 0377, 0377, 0377, 0377, 0377, 0377,
X	0377, 0377, 0377, 0377, 0377, 0377, 0325, 0125, 0135, 0337,
X	0377, 0377, 0377, 0377, 0377, 0377, 0377, 0377, 0377, 0377,
X	0377, 0377, 0377, 0377, 0377, 0377, 0377, 0377, 0377, 0377,
X	0352, 0357, 0377, 0377, 0377, 0377, 0377, 0377, 0377, 0377,
X	0377, 0377, 0377, 0377, 0377, 0377, 0377, 0377, 0377, 0377,
X	0377, 0377, 0377, 0377, 0325, 0125, 0125, 0167, 0377, 0377,
X	0377, 0377, 0377, 0377, 0377, 0377, 0377, 0377, 0377, 0377,
X	0377, 0377, 0377, 0377, 0377, 0377, 0377, 0377, 0252, 0273,
X	0377, 0377, 0377, 0377, 0377, 0377, 0377, 0377, 0377, 0377,
X	0377, 0377, 0377, 0377, 0377, 0377, 0377, 0377, 0377, 0377,
X	0377, 0377, 0325, 0125, 0335, 0377, 0377, 0377, 0377, 0377,
X	0377, 0377, 0377, 0377, 0377, 0377, 0377, 0377, 0377, 0377,
X	0377, 0377, 0377, 0377, 0377, 0377, 0256, 0377, 0377, 0377,
X	0377, 0377, 0377, 0377, 0377, 0377, 0377, 0377, 0377, 0377,
X	0377, 0377, 0377, 0377, 0377, 0377, 0377, 0377, 0377, 0377,
X	0225, 0125, 0127, 0167, 0377, 0377, 0377, 0377, 0377, 0377,
X	0377, 0377, 0377, 0377, 0377, 0377, 0377, 0377, 0377, 0377,
X	0377, 0377, 0377, 0377, 0253, 0277, 0377, 0377, 0377, 0377,
X	0377, 0377, 0377, 0377, 0377, 0377, 0377, 0377, 0377, 0377,
X	0377, 0377, 0377, 0377, 0377, 0377, 0377, 0377, 0325, 0125,
X	0135, 0377, 0377, 0377, 0377, 0377, 0377, 0377, 0377, 0377,
X	0377, 0377, 0377, 0377, 0377, 0377, 0377, 0377, 0377, 0377,
X	0377, 0377, 0256, 0377, 0377, 0377, 0377, 0377, 0377, 0377,
X	0377, 0377, 0377, 0377, 0377, 0377, 0377, 0377, 0377, 0377,
X	0377, 0377, 0377, 0377, 0377, 0377, 0225, 0125, 0167, 0177,
X	0377, 0377, 0377, 0377, 0377, 0377, 0377, 0377, 0377, 0377,
X	0377, 0377, 0377, 0377, 0377, 0377, 0377, 0377, 0377, 0377,
X	0253, 0277, 0377, 0377, 0377, 0377, 0377, 0377, 0377, 0377,
X	0377, 0377, 0377, 0377, 0377, 0377, 0377, 0377, 0377, 0377,
X	0377, 0377, 0377, 0377, 0325, 0125, 0335, 0377, 0377, 0377,
X	0377, 0377, 0377, 0377, 0377, 0377, 0377, 0377, 0377, 0377,
X	0377, 0377, 0377, 0377, 0377, 0377, 0377, 0377, 0256, 0377,
X	0377, 0377, 0377, 0377, 0377, 0377, 0377, 0377, 0377, 0377,
X	0377, 0377, 0377, 0377, 0377, 0377, 0377, 0377, 0377, 0377,
X	0377, 0377, 0225, 0125, 0127, 0177, 0377, 0377, 0377, 0377,
X	0377, 0377, 0377, 0377, 0377, 0377, 0377, 0377, 0377, 0377,
X	0377, 0377, 0377, 0377, 0377, 0377, 0253, 0277, 0377, 0377,
X	0377, 0377, 0377, 0377, 0377, 0377, 0377, 0377, 0377, 0377,
X	0377, 0377, 0377, 0377, 0377, 0377, 0377, 0377, 0377, 0377,
X	0125, 0135, 0337, 0377, 0377, 0377, 0377, 0377, 0377, 0377,
X	0377, 0377, 0377, 0377, 0377, 0377, 0377, 0377, 0377, 0377,
X	0377, 0377, 0377, 0377, 0257, 0377, 0377, 0377, 0377, 0377,
X	0377, 0377, 0377, 0377, 0377, 0377, 0377, 0377, 0377, 0377,
X	0377, 0377, 0377, 0377, 0377, 0377, 0377, 0377, 0325, 0125,
X	0167, 0377, 0377, 0377, 0377, 0377, 0377, 0377, 0377, 0377,
X	0377, 0377, 0377, 0377, 0377, 0377, 0377, 0377, 0377, 0377,
X	0377, 0377, 0273, 0377, 0377, 0377, 0377, 0377, 0377, 0377,
X	0377, 0377, 0377, 0377, 0377, 0377, 0377, 0377, 0377, 0377,
X	0377, 0377, 0377, 0377, 0377, 0377, 0325, 0135, 0377, 0377,
X	0377, 0377, 0377, 0377, 0377, 0377, 0377, 0377, 0377, 0377,
X	0377, 0377, 0377, 0377, 0377, 0377, 0377, 0377, 0377, 0377,
X	0357, 0377, 0377, 0377, 0377, 0377, 0377, 0377, 0377, 0377,
X	0377, 0377, 0377, 0377, 0377, 0377, 0377, 0377, 0377, 0377,
X	0377, 0377, 0377, 0377, 0325, 0127, 0167, 0377, 0377, 0377,
X	0377, 0377, 0377, 0377, 0377, 0377, 0377, 0377, 0377, 0377,
X	0377, 0377, 0377, 0377, 0377, 0377, 0377, 0377, 0253, 0377,
X	0377, 0377, 0377, 0377, 0377, 0377, 0377, 0377, 0377, 0377,
X	0377, 0377, 0377, 0377, 0377, 0377, 0377, 0377, 0377, 0377,
X	0377, 0377, 0325, 0135, 0337, 0377, 0377, 0377, 0377, 0377,
X	0377, 0377, 0377, 0377, 0377, 0377, 0377, 0377, 0377, 0377,
X	0377, 0377, 0377, 0377, 0377, 0377, 0257, 0377, 0377, 0377,
X	0377, 0377, 0377, 0377, 0377, 0377, 0377, 0377, 0377, 0377,
X	0377, 0377, 0377, 0377, 0377, 0377, 0377, 0377, 0377, 0377,
X	0325, 0127, 0167, 0377, 0377, 0377, 0377, 0377, 0377, 0377,
X	0377, 0377, 0377, 0377, 0377, 0377, 0377, 0377, 0377, 0377,
X	0377, 0377, 0377, 0377, 0273, 0377, 0377, 0377, 0377, 0377,
X	0377, 0377, 0377, 0377, 0377, 0377, 0377, 0377, 0377, 0377,
X	0377, 0377, 0377, 0377, 0377, 0377, 0377, 0377, 0325, 0135,
X	0377, 0377, 0377, 0377, 0377, 0377, 0377, 0377, 0377, 0377,
X	0377, 0377, 0377, 0377, 0377, 0377, 0377, 0377, 0377, 0377,
X	0377, 0377, 0257, 0377, 0377, 0377, 0377, 0377, 0377, 0377,
X	0377, 0377, 0377, 0377, 0377, 0377, 0377, 0377, 0377, 0377,
X	0377, 0377, 0377, 0377, 0377, 0377, 0325, 0127, 0177, 0377,
X	0377, 0377, 0377, 0377, 0377, 0377, 0377, 0377, 0377, 0377,
X	0377, 0377, 0377, 0377, 0377, 0377, 0377, 0377, 0377, 0377,
X	0353, 0377, 0377, 0377, 0377, 0377, 0377, 0377, 0377, 0377,
X	0377, 0377, 0377, 0377, 0377, 0377, 0377, 0377, 0377, 0377,
X	0377, 0377, 0377, 0377, 0325, 0135, 0377, 0377, 0377, 0377,
X	0377, 0377, 0377, 0377, 0377, 0377, 0377, 0377, 0377, 0377,
X	0377, 0377, 0377, 0377, 0377, 0377, 0377, 0377, 0357, 0377,
X	0377, 0377, 0377, 0377, 0377, 0377, 0377, 0377, 0377, 0377,
X	0377, 0377, 0377, 0377, 0377, 0377, 0377, 0377, 0377, 0377,
X	0377, 0377, 0325, 0127, 0177, 0377, 0377, 0377, 0377, 0377,
X	0377, 0377, 0377, 0377, 0377, 0377, 0377, 0377, 0377, 0377,
X	0377, 0377, 0377, 0377, 0377, 0377, 0373, 0377, 0377, 0377,
X	0377, 0377, 0377, 0377, 0377, 0377, 0377, 0377, 0377, 0377,
X	0377, 0377, 0377, 0377, 0377, 0377, 0377, 0377, 0377, 0377,
X	0365, 0335, 0377, 0377, 0377, 0377, 0377, 0377, 0377, 0377,
X	0377, 0377, 0377, 0377, 0377, 0377, 0377, 0377, 0377, 0377,
X	0377, 0377, 0377, 0377, 0357, 0377, 0377, 0377, 0377, 0377,
X	0377, 0377, 0377, 0377, 0377, 0377, 0377, 0377, 0377, 0377,
X	0377, 0377, 0377, 0377, 0377, 0377, 0377, 0377, 0365, 0127,
X	0177, 0377, 0377, 0377, 0377, 0377, 0377, 0377, 0377, 0377,
X	0377, 0377, 0377, 0377, 0377, 0377, 0377, 0377, 0377, 0377,
X	0377, 0377, 0353, 0377, 0377, 0377, 0377, 0377, 0377, 0377,
X	0377, 0377, 0377, 0377, 0377, 0377, 0377, 0377, 0377, 0377,
X	0377, 0377, 0377, 0377, 0377, 0377, 0365, 0137, 0377, 0377,
X	0377, 0377, 0377, 0377, 0377, 0377, 0377, 0377, 0377, 0377,
X	0377, 0377, 0377, 0377, 0377, 0377, 0377, 0377, 0377, 0377,
X	0377, 0377, 0377, 0377, 0377, 0377, 0377, 0377, 0377, 0377,
X	0377, 0377, 0377, 0377, 0377, 0377, 0377, 0377, 0377, 0377,
X	0377, 0377, 0377, 0377, 0365, 0167, 0177, 0377, 0377, 0377,
X	0377, 0377, 0377, 0377, 0377, 0377, 0377, 0377, 0377, 0377,
X	0377, 0377, 0377, 0377, 0377, 0377, 0377, 0377, 0373, 0377,
X	0377, 0377, 0377, 0377, 0377, 0377, 0377, 0377, 0377, 0377,
X	0377, 0377, 0377, 0377, 0377, 0377, 0377, 0377, 0377, 0377,
X	0377, 0377, 0375, 0335, 0377, 0377, 0377, 0377, 0377, 0377,
X	0377, 0377, 0377, 0377, 0377, 0377, 0377, 0377, 0377, 0377,
X	0377, 0377, 0377, 0377, 0377, 0377, 0377, 0377, 0377, 0377,
X	0377, 0377, 0377, 0377, 0377, 0377, 0377, 0377, 0377, 0377,
X	0377, 0377, 0377, 0377, 0377, 0377, 0377, 0377, 0377, 0377,
X	0375, 0127, 0177, 0377, 0377, 0377, 0377, 0377, 0377, 0377,
X	0377, 0377, 0377, 0377, 0377, 0377, 0377, 0377, 0377, 0377,
X	0377, 0377, 0377, 0377, 0377, 0377, 0377, 0377, 0377, 0377,
X	0377, 0377, 0377, 0377, 0377, 0377, 0377, 0377, 0377, 0377,
X	0377, 0377, 0377, 0377, 0377, 0377, 0377, 0377, 0375, 0137,
X	0377, 0377, 0377, 0377, 0377, 0377, 0377, 0377, 0377, 0377,
X	0377, 0377, 0377, 0377, 0377, 0377, 0377, 0377, 0377, 0377,
X	0377, 0377, 0377, 0377, 0377, 0377, 0377, 0377, 0377, 0377,
X	0377, 0377, 0377, 0377, 0377, 0377, 0377, 0377, 0377, 0377,
X	0377, 0377, 0377, 0377, 0377, 0377, 0377, 0127, 0377, 0377,
X	0377, 0377, 0377, 0377, 0377, 0377, 0377, 0377, 0377, 0377,
X	0377, 0377, 0377, 0377, 0377, 0377, 0377, 0377, 0377, 0377,
X	0377, 0377, 0377, 0377, 0377, 0377, 0377, 0377, 0377, 0377,
X	0377, 0377, 0377, 0377, 0377, 0377, 0377, 0377, 0377, 0377,
X	0377, 0377, 0377, 0377, 0377, 0135, 0377, 0377, 0377, 0377,
X	0377, 0377, 0377, 0377, 0377, 0377, 0377, 0377, 0377, 0377,
X	0377, 0377, 0377, 0377, 0377, 0377, 0377, 0377, 0377, 0377,
X	0377, 0377, 0377, 0377, 0377, 0377, 0377, 0377, 0377, 0377,
X	0377, 0377, 0377, 0377, 0377, 0377, 0377, 0377, 0377, 0377,
X	0377, 0377, 0377, 0327, 0177, 0377, 0377, 0377, 0377, 0377,
X	0377, 0377, 0377, 0377, 0377, 0377, 0377, 0377, 0377, 0377,
X	0377, 0377, 0377, 0377, 0377, 0377, 0377, 0277, 0377, 0377,
X	0377, 0377, 0377, 0377, 0377, 0377, 0377, 0377, 0377, 0377,
X	0377, 0377, 0377, 0377, 0377, 0377, 0377, 0377, 0377, 0377,
X	0377, 0335, 0377, 0377, 0377, 0377, 0377, 0377, 0377, 0377,
X	0377, 0377, 0377, 0377, 0377, 0377, 0377, 0377, 0377, 0377,
X	0377, 0377, 0377, 0377, 0377, 0377, 0377, 0377, 0377, 0377,
X	0377, 0377, 0377, 0377, 0377, 0377, 0377, 0377, 0377, 0377,
X	0377, 0377, 0377, 0377, 0377, 0377, 0377, 0377, 0377, 0367,
X	0177, 0377, 0377, 0377, 0377, 0377, 0377, 0377, 0377, 0377,
X	0377, 0377, 0377, 0377, 0377, 0377, 0377, 0377, 0377, 0377,
X	0377, 0377, 0377, 0377, 0377, 0377, 0377, 0377, 0377, 0377,
X	0377, 0377, 0377, 0377, 0377, 0377, 0377, 0377, 0377, 0377,
X	0377, 0377, 0377, 0377, 0377, 0377, 0377, 0365, 0377, 0377,
X	0377, 0377, 0377, 0377, 0377, 0377, 0377, 0377, 0377, 0377,
X	0377, 0377, 0377, 0377, 0377, 0377, 0377, 0377, 0377, 0377,
X	0377, 0377, 0377, 0377, 0377, 0377, 0377, 0377, 0377, 0377,
X	0377, 0377, 0377, 0377, 0377, 0377, 0377, 0377, 0377, 0377,
X	0377, 0377, 0377, 0377, 0377, 0377, 0177, 0377, 0377, 0377,
X	0377, 0377, 0377, 0377, 0377, 0377, 0377, 0377, 0377, 0377,
X	0377, 0377, 0377, 0377, 0377, 0377, 0377, 0377, 0377, 0377,
X	0377, 0377, 0377, 0377, 0377, 0377, 0377, 0377, 0377, 0377,
X	0377, 0377, 0377, 0377, 0377, 0377, 0377, 0377, 0377, 0377,
X	0377, 0377, 0377, 0375, 0377, 0377, 0377, 0377, 0377, 0377,
X	0377, 0377, 0377, 0377, 0377, 0377, 0377, 0377, 0377, 0377,
X	0377, 0377, 0377, 0377, 0377, 0377, 0377, 0377, 0377, 0377,
X	0377, 0377, 0377, 0377, 0377, 0377, 0377, 0377, 0377, 0377,
X	0377, 0377, 0377, 0377, 0377, 0377, 0377, 0377, 0377, 0377,
X	0377, 0377, 0177, 0377, 0377, 0377, 0377, 0377, 0377, 0377,
X	0377, 0377, 0377, 0377, 0377, 0377, 0377, 0377, 0377, 0377,
X	0377, 0377, 0377, 0377, 0377, 0377, 0377, 0377, 0377, 0377,
X	0377, 0377, 0377, 0377, 0377, 0377, 0377, 0377, 0377, 0377,
X	0377, 0377, 0377, 0377, 0377, 0377, 0377, 0377, 0377, 0377,
X	0377, 0377, 0377, 0377, 0377, 0377, 0377, 0377, 0377, 0377,
X	0377, 0377, 0377, 0377, 0377, 0377, 0377, 0377, 0377, 0377,
X	0377, 0377, 0377, 0377, 0377, 0377, 0377, 0377, 0377, 0377,
X	0377, 0377, 0377, 0377, 0377, 0377, 0377, 0377, 0377, 0377,
X	0377, 0377, 0377, 0377, 0377, 0377, 0377, 0377, 0327, 0377,
X	0377, 0377, 0377, 0377, 0377, 0377, 0377, 0377, 0377, 0377,
X	0377, 0377, 0377, 0377, 0377, 0377, 0377, 0377, 0377, 0377,
X	0377, 0377, 0377, 0377, 0377, 0377, 0377, 0377, 0377, 0377,
X	0377, 0377, 0377, 0377, 0377, 0377, 0377, 0377, 0377, 0377,
X	0377, 0377, 0377, 0377, 0377, 0377, 0377, 0377, 0377, 0377,
X	0377, 0377, 0377, 0377, 0377, 0377, 0377, 0377, 0377, 0377,
X	0377, 0377, 0377, 0377, 0377, 0377, 0377, 0377, 0377, 0377,
X	0377, 0377, 0377, 0377, 0377, 0377, 0377, 0377, 0377, 0377,
X	0377, 0377, 0377, 0377, 0377, 0377, 0377, 0377, 0377, 0377,
X	0377, 0377, 0377, 0377, 0377, 0377, 0377, 0377, 0377, 0377,
X	0377, 0377, 0377, 0377, 0377, 0377, 0377, 0377, 0377, 0377,
X	0377, 0377, 0377, 0377, 0377, 0377, 0377, 0377, 0377, 0377,
X	0377, 0377, 0377, 0377, 0377, 0377, 0377, 0377, 0377, 0377,
X	0377, 0377, 0377, 0377, 0377, 0377, 0377, 0377, 0377, 0377,
X	0377, 0377, 0377, 0377, 0377, 0377, 0377, 0377, 0377, 0377,
X	0377, 0377, 0377, 0377, 0377, 0377, 0377, 0377, 0377, 0377,
X	0377, 0377, 0377, 0377, 0377, 0377, 0377, 0377, 0377, 0377,
X	0377, 0377, 0377, 0377, 0377, 0377, 0377, 0377, 0377, 0377,
X	0377, 0377, 0377, 0377, 0377, 0377, 0377, 0377, 0377, 0377,
X	0377, 0377, 0377, 0377, 0377, 0377, 0377, 0377, 0377, 0377,
X	0377, 0377, 0377, 0377, 0377, 0377, 0377, 0377, 0377, 0377,
X	0377, 0377, 0377, 0377, 0377, 0377, 0377, 0377, 0377, 0377,
X	0377, 0377, 0377, 0377, 0377, 0377, 0377, 0377, 0377, 0377,
X	0377, 0377, 0377, 0377, 0377, 0377, 0377, 0377, 0377, 0377,
X	0377, 0377, 0377, 0377, 0377, 0377, 0377, 0377, 0377, 0377,
X	0377, 0377, 0377, 0377, 0377, 0377, 0377, 0377, 0377, 0377,
X	0377, 0377, 0377, 0377, 0377, 0377, 0377, 0377, 0377, 0377,
X	0377, 0377, 0377, 0377, 0377, 0377, 0377, 0377, 0377, 0377,
X	0377, 0377, 0377, 0377, 0377, 0377, 0377, 0377, 0377, 0377,
X	0377, 0377, 0377, 0377, 0377, 0377, 0377, 0377, 0377, 0377,
X	0377, 0377, 0377, 0377, 0377, 0377, 0377, 0377, 0377, 0377,
X	0377, 0377, 0377, 0377, 0377, 0377, 0377, 0377, 0377, 0377,
X	0377, 0377, 0377, 0377, 0377, 0377, 0377, 0377, 0377, 0377,
X	0377, 0377, 0377, 0377, 0377, 0377, 0377, 0377, 0377, 0377,
X	0377, 0377, 0377, 0377, 0377, 0377, 0377, 0377, 0377, 0377,
X	0377, 0377, 0377, 0377, 0377, 0377, 0377, 0377, 0377, 0377,
X	0377, 0377, 0377, 0377, 0377, 0377, 0377, 0377, 0377, 0377,
X	0377, 0377, 0377, 0377, 0377, 0377, 0377, 0377, 0377, 0377,
X	0377, 0377, 0377, 0377, 0377, 0377, 0377, 0377, 0377, 0377,
X	0377, 0377, 0377, 0377, 0377, 0377, 0377, 0377, 0377, 0377,
X	0377, 0377, 0377, 0377, 0377, 0377, 0377, 0377, 0377, 0377,
X	0377, 0377, 0377, 0377, 0377, 0377, 0377, 0377, 0377, 0377,
X	0377, 0377, 0377, 0377, 0377, 0377, 0377, 0377, 0377, 0377,
X	0377, 0377, 0377, 0377, 0377, 0377, 0377, 0377, 0377, 0377,
X	0377, 0377, 0377, 0377, 0377, 0377, 0377, 0377, 0377, 0377,
X	0377, 0377, 0377, 0377, 0377, 0377, 0377, 0377, 0377, 0377,
X	0377, 0377, 0377, 0377, 0377, 0377, 0377, 0377, 0377, 0377,
X	0377, 0377, 0377, 0377, 0377, 0377, 0377, 0377, 0377, 0377,
X	0377, 0377, 0377, 0377, 0377, 0377, 0377, 0377, 0377, 0377,
X	0377, 0377, 0377, 0377, 0377, 0377, 0377, 0377, 0377, 0377,
X	0377, 0377, 0377, 0377, 0377, 0377, 0377, 0377, 0377, 0377,
X	0377, 0377, 0377, 0377, 0377, 0377, 0377, 0377, 0377, 0377,
X	0377, 0377, 0377, 0377, 0377, 0377, 0377, 0377, 0377, 0377,
X	0377, 0377, 0377, 0377, 0377, 0377, 0377, 0377, 0377, 0377,
X	0377, 0377, 0377, 0377, 0377, 0377, 0377, 0377, 0377, 0377,
X	0377, 0377, 0377, 0377, 0377, 0377, 0377, 0377, 0377, 0377,
X	0377, 0377, 0377, 0377, 0377, 0377, 0377, 0377, 0377, 0377,
X	0377, 0377, 0377, 0377, 0377, 0377, 0377, 0377, 0377, 0377,
X	0377, 0377, 0377, 0377, 0377, 0377, 0377, 0377, 0377, 0377,
X	0377, 0377, 0377, 0377, 0377, 0377, 0377, 0377, 0377, 0377,
X	0377, 0377, 0377, 0377, 0377, 0377, 0377, 0377, 0377, 0377,
X	0377, 0377, 0377, 0377, 0377, 0377, 0377, 0377, 0377, 0377,
X	0377, 0377, 0377, 0377, 0377, 0377, 0377, 0377, 0377, 0377,
X	0377, 0377, 0377, 0377, 0377, 0377, 0377, 0377, 0377, 0377,
X	0377, 0377, 0377, 0377, 0377, 0377, 0377, 0377, 0377, 0377,
X	0377, 0377, 0377, 0377, 0377, 0377, 0377, 0377, 0377, 0377,
X	0377, 0377, 0377, 0377, 0377, 0377, 0377, 0377, 0377, 0377,
X	0377, 0377, 0377, 0377, 0377, 0377, 0377, 0377, 0377, 0377,
X	0377, 0377, 0377, 0377, 0377, 0377, 0377, 0377, 0377, 0377,
X	0377, 0377, 0377, 0377, 0377, 0377, 0377, 0377, 0377, 0377,
X	0377, 0377, 0377, 0377, 0377, 0377, 0377, 0377, 0377, 0377,
X	0377, 0377, 0377, 0377, 0377, 0377, 0377, 0377, 0377, 0377,
X	0377, 0377, 0377, 0377, 0377, 0377, 0377, 0377, 0377, 0377,
X	0377, 0377, 0377, 0377, 0377, 0377, 0377, 0377, 0377, 0377,
X	0377, 0377, 0377, 0377, 0377, 0377, 0377, 0377, 0377, 0377,
X	0377, 0377, 0377, 0377, 0377, 0377, 0377, 0377, 0377, 0377,
X	0377, 0377, 0377, 0377, 0377, 0377, 0377, 0377, 0377, 0377,
X	0377, 0377, 0377, 0377, 0377, 0377, 0377, 0377, 0377, 0377,
X	0377, 0377, 0377, 0377, 0377, 0377, 0377, 0377, 0377, 0377,
X	0377, 0377, 0377, 0377, 0377, 0377, 0377, 0377, 0377, 0377,
X	0377, 0377, 0377, 0377, 0377, 0377, 0377, 0377, 0377, 0377,
X	0377, 0377, 0377, 0377, 0377, 0377, 0377, 0377, 0377, 0377,
X	0377, 0377, 0377, 0377, 0377, 0377, 0377, 0377, 0377, 0377,
X	0377, 0377, 0377, 0377, 0377, 0377, 0377, 0377, 0377, 0377,
X	0377, 0377, 0377, 0377, 0377, 0377, 0377, 0377, 0377, 0377,
X	0377, 0377, 0377, 0377, 0377, 0377, 0377, 0377, 0377, 0377,
X	0377, 0377, 0377, 0377, 0377, 0377, 0377, 0377, 0377, 0377,
X	0377, 0377, 0377, 0377, 0377, 0377, 0377, 0377, 0377, 0377,
X	0377, 0377, 0377, 0377, 0000, 0000, 0000, 0000, 0000, 0000,
X	0000, 0000, 0000, 0000, 0000, 0000, 0000, 0000, 0000, 0000,
X	0000, 0000, 0000, 0000, 0000, 0000, 0007, 0377, 
X	};
X/* bitmap for lb_6 */
X
X/* bitmap data */
X
Xstatic char lb_6_bits[] = {
X	0377, 0377, 0377, 0377, 0377, 0377, 0377, 0377, 0377, 0377,
X	0377, 0337, 0377, 0377, 0377, 0377, 0377, 0377, 0377, 0377,
X	0377, 0377, 0377, 0377, 0377, 0377, 0377, 0377, 0377, 0377,
X	0377, 0377, 0377, 0372, 0252, 0252, 0253, 0377, 0377, 0377,
X	0377, 0377, 0377, 0377, 0377, 0377, 0377, 0377, 0377, 0377,
X	0377, 0377, 0377, 0377, 0377, 0377, 0377, 0104, 0105, 0125,
X	0125, 0127, 0377, 0377, 0377, 0377, 0377, 0377, 0377, 0377,
X	0377, 0377, 0377, 0377, 0377, 0377, 0377, 0377, 0377, 0377,
X	0352, 0252, 0252, 0256, 0356, 0357, 0377, 0377, 0377, 0377,
X	0377, 0377, 0377, 0377, 0377, 0377, 0377, 0377, 0377, 0377,
X	0377, 0377, 0377, 0377, 0000, 0021, 0021, 0125, 0125, 0125,
X	0127, 0377, 0377, 0377, 0377, 0377, 0377, 0377, 0377, 0377,
X	0377, 0377, 0377, 0377, 0377, 0377, 0377, 0372, 0252, 0252,
X	0252, 0252, 0273, 0273, 0377, 0377, 0377, 0377, 0377, 0377,
X	0377, 0377, 0377, 0377, 0377, 0377, 0377, 0377, 0377, 0377,
X	0377, 0300, 0104, 0104, 0125, 0125, 0125, 0125, 0125, 0337,
X	0377, 0377, 0377, 0377, 0377, 0377, 0377, 0377, 0377, 0377,
X	0377, 0377, 0377, 0377, 0377, 0252, 0252, 0252, 0252, 0356,
X	0356, 0377, 0377, 0377, 0377, 0377, 0377, 0377, 0377, 0377,
X	0377, 0377, 0377, 0377, 0377, 0377, 0377, 0377, 0370, 0000,
X	0001, 0021, 0025, 0125, 0125, 0125, 0125, 0127, 0377, 0377,
X	0377, 0377, 0377, 0377, 0377, 0377, 0377, 0377, 0377, 0377,
X	0377, 0377, 0342, 0052, 0252, 0252, 0252, 0252, 0273, 0277,
X	0377, 0377, 0377, 0377, 0377, 0377, 0377, 0377, 0377, 0377,
X	0377, 0377, 0377, 0377, 0377, 0377, 0200, 0000, 0004, 0105,
X	0125, 0125, 0125, 0125, 0135, 0335, 0337, 0377, 0377, 0377,
X	0377, 0377, 0377, 0377, 0377, 0377, 0377, 0377, 0377, 0376,
X	0212, 0252, 0252, 0252, 0252, 0256, 0357, 0377, 0377, 0377,
X	0377, 0377, 0377, 0377, 0377, 0377, 0377, 0377, 0377, 0377,
X	0377, 0377, 0377, 0374, 0000, 0000, 0021, 0021, 0125, 0125,
X	0125, 0125, 0125, 0167, 0167, 0377, 0377, 0377, 0377, 0377,
X	0377, 0377, 0377, 0377, 0377, 0377, 0377, 0362, 0042, 0252,
X	0252, 0252, 0252, 0253, 0273, 0377, 0377, 0377, 0377, 0377,
X	0377, 0377, 0377, 0377, 0377, 0377, 0377, 0377, 0377, 0377,
X	0377, 0300, 0000, 0000, 0104, 0125, 0125, 0125, 0125, 0125,
X	0335, 0335, 0377, 0377, 0377, 0377, 0377, 0377, 0377, 0377,
X	0377, 0377, 0377, 0377, 0377, 0210, 0252, 0252, 0252, 0252,
X	0252, 0356, 0377, 0377, 0377, 0377, 0377, 0377, 0377, 0377,
X	0377, 0377, 0377, 0377, 0377, 0377, 0377, 0377, 0376, 0000,
X	0000, 0000, 0001, 0021, 0025, 0125, 0125, 0125, 0127, 0167,
X	0177, 0377, 0377, 0377, 0377, 0377, 0377, 0377, 0377, 0377,
X	0377, 0377, 0376, 0042, 0052, 0252, 0252, 0252, 0252, 0253,
X	0273, 0277, 0377, 0377, 0377, 0377, 0377, 0377, 0377, 0377,
X	0377, 0377, 0377, 0377, 0377, 0377, 0360, 0000, 0000, 0004,
X	0105, 0125, 0125, 0125, 0125, 0125, 0135, 0337, 0377, 0377,
X	0377, 0377, 0377, 0377, 0377, 0377, 0377, 0377, 0377, 0377,
X	0350, 0212, 0252, 0252, 0252, 0252, 0256, 0356, 0357, 0377,
X	0377, 0377, 0377, 0377, 0377, 0377, 0377, 0377, 0377, 0377,
X	0377, 0377, 0377, 0377, 0300, 0000, 0000, 0000, 0021, 0021,
X	0125, 0125, 0125, 0125, 0167, 0167, 0377, 0377, 0377, 0377,
X	0377, 0377, 0377, 0377, 0377, 0377, 0377, 0377, 0242, 0042,
X	0252, 0252, 0252, 0252, 0252, 0273, 0273, 0377, 0377, 0377,
X	0377, 0377, 0377, 0377, 0377, 0377, 0377, 0377, 0377, 0377,
X	0377, 0377, 0000, 0000, 0000, 0104, 0125, 0125, 0125, 0125,
X	0125, 0125, 0335, 0377, 0377, 0377, 0377, 0377, 0377, 0377,
X	0377, 0377, 0377, 0377, 0377, 0374, 0210, 0252, 0252, 0252,
X	0252, 0252, 0356, 0356, 0377, 0377, 0377, 0377, 0377, 0377,
X	0377, 0377, 0377, 0377, 0377, 0377, 0377, 0377, 0377, 0370,
X	0000, 0000, 0000, 0001, 0021, 0025, 0125, 0125, 0125, 0125,
X	0127, 0167, 0177, 0377, 0377, 0377, 0377, 0377, 0377, 0377,
X	0377, 0377, 0377, 0360, 0002, 0042, 0052, 0252, 0252, 0252,
X	0253, 0273, 0277, 0377, 0377, 0377, 0377, 0377, 0377, 0377,
X	0377, 0377, 0377, 0377, 0377, 0377, 0377, 0340, 0000, 0000,
X	0004, 0104, 0105, 0125, 0125, 0125, 0125, 0135, 0335, 0377,
X	0377, 0377, 0377, 0377, 0377, 0377, 0377, 0377, 0377, 0377,
X	0377, 0310, 0210, 0252, 0252, 0252, 0252, 0252, 0256, 0357,
X	0377, 0377, 0377, 0377, 0377, 0377, 0377, 0377, 0377, 0377,
X	0377, 0377, 0377, 0377, 0377, 0200, 0000, 0000, 0000, 0021,
X	0021, 0125, 0125, 0167, 0165, 0125, 0167, 0167, 0377, 0377,
X	0377, 0377, 0377, 0377, 0377, 0377, 0377, 0377, 0377, 0000,
X	0042, 0042, 0252, 0252, 0257, 0376, 0273, 0277, 0377, 0377,
X	0377, 0377, 0377, 0377, 0377, 0377, 0377, 0377, 0377, 0377,
X	0377, 0377, 0376, 0000, 0000, 0000, 0104, 0104, 0135, 0335,
X	0125, 0335, 0375, 0375, 0377, 0377, 0377, 0377, 0377, 0377,
X	0377, 0377, 0377, 0377, 0377, 0377, 0376, 0210, 0212, 0252,
X	0252, 0252, 0277, 0372, 0356, 0377, 0377, 0377, 0377, 0377,
X	0377, 0377, 0377, 0377, 0377, 0377, 0377, 0377, 0377, 0377,
X	0374, 0000, 0000, 0000, 0000, 0021, 0025, 0125, 0125, 0165,
X	0167, 0167, 0177, 0177, 0377, 0377, 0377, 0377, 0377, 0377,
X	0377, 0377, 0377, 0377, 0370, 0002, 0042, 0052, 0252, 0252,
X	0277, 0352, 0253, 0377, 0277, 0377, 0377, 0377, 0377, 0377,
X	0377, 0377, 0377, 0377, 0377, 0377, 0377, 0377, 0360, 0000,
X	0000, 0000, 0104, 0105, 0135, 0325, 0125, 0325, 0137, 0375,
X	0337, 0377, 0377, 0377, 0377, 0377, 0377, 0377, 0377, 0377,
X	0377, 0377, 0340, 0210, 0212, 0253, 0352, 0252, 0377, 0356,
X	0357, 0377, 0377, 0377, 0377, 0377, 0377, 0377, 0377, 0377,
X	0377, 0377, 0377, 0377, 0377, 0377, 0300, 0000, 0000, 0005,
X	0101, 0021, 0125, 0125, 0127, 0165, 0127, 0167, 0167, 0377,
X	0377, 0377, 0377, 0377, 0377, 0377, 0377, 0377, 0377, 0377,
X	0300, 0042, 0042, 0277, 0252, 0252, 0377, 0352, 0277, 0373,
X	0377, 0377, 0377, 0377, 0377, 0377, 0377, 0377, 0377, 0377,
X	0377, 0377, 0377, 0377, 0200, 0000, 0000, 0125, 0304, 0125,
X	0135, 0325, 0125, 0365, 0137, 0375, 0377, 0377, 0377, 0377,
X	0377, 0377, 0377, 0377, 0377, 0377, 0377, 0377, 0010, 0210,
X	0253, 0377, 0252, 0253, 0377, 0356, 0377, 0377, 0377, 0377,
X	0377, 0377, 0377, 0377, 0377, 0377, 0377, 0377, 0377, 0377,
X	0377, 0377, 0000, 0000, 0001, 0125, 0001, 0021, 0127, 0125,
X	0127, 0165, 0125, 0167, 0167, 0377, 0377, 0377, 0377, 0377,
X	0377, 0377, 0377, 0377, 0377, 0376, 0000, 0002, 0043, 0377,
X	0252, 0253, 0377, 0253, 0277, 0377, 0377, 0377, 0377, 0377,
X	0377, 0377, 0377, 0377, 0377, 0377, 0377, 0377, 0377, 0374,
X	0000, 0000, 0001, 0125, 0104, 0105, 0335, 0125, 0135, 0325,
X	0135, 0377, 0377, 0377, 0377, 0377, 0377, 0377, 0377, 0377,
X	0377, 0377, 0377, 0374, 0010, 0212, 0253, 0377, 0252, 0253,
X	0377, 0356, 0377, 0377, 0377, 0377, 0377, 0377, 0377, 0377,
X	0377, 0377, 0377, 0377, 0377, 0377, 0377, 0370, 0000, 0000,
X	0001, 0124, 0021, 0021, 0165, 0125, 0127, 0125, 0125, 0367,
X	0177, 0377, 0377, 0377, 0377, 0377, 0377, 0377, 0377, 0377,
X	0377, 0370, 0000, 0042, 0053, 0376, 0252, 0252, 0377, 0273,
X	0277, 0377, 0377, 0377, 0377, 0377, 0377, 0377, 0377, 0377,
X	0377, 0377, 0377, 0377, 0377, 0360, 0000, 0000, 0001, 0125,
X	0104, 0125, 0335, 0125, 0175, 0325, 0335, 0377, 0377, 0377,
X	0377, 0377, 0377, 0377, 0377, 0377, 0377, 0377, 0377, 0340,
X	0210, 0252, 0253, 0376, 0252, 0256, 0376, 0356, 0377, 0377,
X	0377, 0377, 0377, 0377, 0377, 0377, 0377, 0377, 0377, 0377,
X	0377, 0377, 0377, 0340, 0000, 0000, 0001, 0125, 0021, 0025,
X	0127, 0125, 0167, 0125, 0127, 0177, 0177, 0377, 0377, 0377,
X	0377, 0377, 0377, 0377, 0377, 0377, 0377, 0300, 0002, 0042,
X	0053, 0376, 0252, 0257, 0376, 0273, 0377, 0377, 0377, 0377,
X	0377, 0377, 0377, 0377, 0377, 0377, 0377, 0377, 0377, 0377,
X	0377, 0300, 0000, 0000, 0001, 0134, 0105, 0135, 0335, 0125,
X	0137, 0135, 0335, 0377, 0377, 0377, 0377, 0377, 0377, 0377,
X	0377, 0377, 0377, 0377, 0377, 0210, 0210, 0212, 0253, 0376,
X	0252, 0257, 0376, 0357, 0377, 0377, 0377, 0377, 0377, 0377,
X	0377, 0377, 0377, 0377, 0377, 0377, 0377, 0377, 0377, 0200,
X	0000, 0000, 0005, 0125, 0021, 0125, 0167, 0125, 0167, 0125,
X	0167, 0177, 0377, 0377, 0377, 0377, 0377, 0377, 0377, 0377,
X	0377, 0377, 0377, 0000, 0042, 0042, 0257, 0376, 0252, 0277,
X	0377, 0273, 0377, 0377, 0377, 0377, 0377, 0377, 0377, 0377,
X	0377, 0377, 0377, 0377, 0377, 0377, 0377, 0000, 0000, 0000,
X	0005, 0324, 0125, 0135, 0335, 0125, 0377, 0335, 0335, 0377,
X	0377, 0377, 0377, 0377, 0377, 0377, 0377, 0377, 0377, 0377,
X	0377, 0210, 0210, 0252, 0257, 0376, 0252, 0273, 0376, 0377,
X	0377, 0377, 0377, 0377, 0377, 0377, 0377, 0377, 0377, 0377,
X	0377, 0377, 0377, 0377, 0376, 0000, 0000, 0000, 0005, 0125,
X	0021, 0027, 0125, 0125, 0167, 0127, 0167, 0177, 0377, 0377,
X	0377, 0377, 0377, 0377, 0377, 0377, 0377, 0377, 0376, 0002,
X	0042, 0052, 0257, 0376, 0252, 0273, 0377, 0273, 0377, 0377,
X	0377, 0377, 0377, 0377, 0377, 0377, 0377, 0377, 0377, 0377,
X	0377, 0377, 0374, 0000, 0000, 0000, 0005, 0135, 0125, 0125,
X	0335, 0125, 0337, 0135, 0337, 0377, 0377, 0377, 0377, 0377,
X	0377, 0377, 0377, 0377, 0377, 0377, 0374, 0010, 0212, 0252,
X	0253, 0372, 0252, 0277, 0376, 0357, 0377, 0377, 0377, 0377,
X	0377, 0377, 0377, 0377, 0377, 0377, 0377, 0377, 0377, 0377,
X	0374, 0000, 0000, 0000, 0021, 0121, 0021, 0165, 0165, 0125,
X	0167, 0167, 0167, 0377, 0377, 0377, 0377, 0377, 0377, 0377,
X	0377, 0377, 0377, 0377, 0370, 0042, 0042, 0252, 0273, 0372,
X	0252, 0357, 0377, 0273, 0377, 0377, 0377, 0377, 0377, 0377,
X	0377, 0377, 0377, 0377, 0377, 0377, 0377, 0377, 0370, 0000,
X	0000, 0000, 0125, 0335, 0125, 0125, 0335, 0125, 0377, 0335,
X	0377, 0377, 0377, 0377, 0377, 0377, 0377, 0377, 0377, 0377,
X	0377, 0377, 0370, 0210, 0252, 0252, 0277, 0372, 0252, 0357,
X	0376, 0377, 0377, 0377, 0377, 0377, 0377, 0377, 0377, 0377,
X	0377, 0377, 0377, 0377, 0377, 0377, 0360, 0000, 0000, 0000,
X	0021, 0121, 0025, 0127, 0165, 0127, 0167, 0127, 0167, 0177,
X	0377, 0377, 0377, 0377, 0377, 0377, 0377, 0377, 0377, 0377,
X	0360, 0002, 0042, 0052, 0273, 0372, 0252, 0357, 0377, 0277,
X	0377, 0377, 0377, 0377, 0377, 0377, 0377, 0377, 0377, 0377,
X	0377, 0377, 0377, 0377, 0360, 0000, 0000, 0004, 0125, 0135,
X	0125, 0325, 0335, 0127, 0337, 0335, 0377, 0377, 0377, 0377,
X	0377, 0377, 0377, 0377, 0377, 0377, 0377, 0377, 0350, 0210,
X	0252, 0252, 0277, 0372, 0252, 0357, 0377, 0377, 0377, 0377,
X	0377, 0377, 0377, 0377, 0377, 0377, 0377, 0377, 0377, 0377,
X	0377, 0377, 0340, 0000, 0000, 0000, 0025, 0125, 0125, 0127,
X	0165, 0127, 0167, 0167, 0167, 0377, 0377, 0377, 0377, 0377,
X	0377, 0377, 0377, 0377, 0377, 0377, 0340, 0042, 0042, 0252,
X	0257, 0372, 0253, 0377, 0373, 0377, 0377, 0377, 0377, 0377,
X	0377, 0377, 0377, 0377, 0377, 0377, 0377, 0377, 0377, 0377,
X	0340, 0000, 0000, 0104, 0105, 0335, 0125, 0125, 0335, 0127,
X	0377, 0337, 0377, 0377, 0377, 0377, 0377, 0377, 0377, 0377,
X	0377, 0377, 0377, 0377, 0350, 0212, 0252, 0252, 0353, 0372,
X	0253, 0357, 0377, 0377, 0377, 0377, 0377, 0377, 0377, 0377,
X	0377, 0377, 0377, 0377, 0377, 0377, 0377, 0377, 0300, 0000,
X	0000, 0000, 0121, 0125, 0127, 0127, 0165, 0127, 0167, 0167,
X	0177, 0377, 0377, 0377, 0377, 0377, 0377, 0377, 0377, 0377,
X	0377, 0377, 0302, 0042, 0052, 0252, 0357, 0372, 0253, 0257,
X	0373, 0277, 0377, 0377, 0377, 0377, 0377, 0377, 0377, 0377,
X	0377, 0377, 0377, 0377, 0377, 0377, 0300, 0000, 0000, 0004,
X	0105, 0335, 0125, 0135, 0335, 0127, 0377, 0337, 0377, 0377,
X	0377, 0377, 0377, 0377, 0377, 0377, 0377, 0377, 0377, 0377,
X	0310, 0212, 0252, 0252, 0357, 0376, 0257, 0357, 0377, 0377,
X	0377, 0377, 0377, 0377, 0377, 0377, 0377, 0377, 0377, 0377,
X	0377, 0377, 0377, 0377, 0300, 0000, 0000, 0001, 0125, 0125,
X	0127, 0127, 0165, 0127, 0167, 0167, 0377, 0377, 0377, 0377,
X	0377, 0377, 0377, 0377, 0377, 0377, 0377, 0377, 0242, 0042,
X	0252, 0252, 0357, 0376, 0253, 0277, 0373, 0377, 0377, 0377,
X	0377, 0377, 0377, 0377, 0377, 0377, 0377, 0377, 0377, 0377,
X	0377, 0377, 0200, 0000, 0000, 0104, 0325, 0335, 0125, 0135,
X	0375, 0137, 0377, 0377, 0377, 0377, 0377, 0377, 0377, 0377,
X	0377, 0377, 0377, 0377, 0377, 0377, 0210, 0252, 0252, 0252,
X	0353, 0376, 0357, 0377, 0377, 0377, 0377, 0377, 0377, 0377,
X	0377, 0377, 0377, 0377, 0377, 0377, 0377, 0377, 0377, 0377,
X	0200, 0000, 0000, 0001, 0121, 0125, 0127, 0127, 0165, 0127,
X	0167, 0167, 0377, 0377, 0377, 0377, 0377, 0377, 0377, 0377,
X	0377, 0377, 0377, 0377, 0202, 0042, 0252, 0252, 0353, 0372,
X	0257, 0277, 0377, 0377, 0377, 0377, 0377, 0377, 0377, 0377,
X	0377, 0377, 0377, 0377, 0377, 0377, 0377, 0377, 0200, 0000,
X	0004, 0104, 0105, 0335, 0125, 0135, 0335, 0137, 0377, 0377,
X	0377, 0377, 0377, 0377, 0377, 0377, 0377, 0377, 0377, 0377,
X	0377, 0377, 0212, 0252, 0252, 0252, 0353, 0376, 0356, 0357,
X	0377, 0377, 0377, 0377, 0377, 0377, 0377, 0377, 0377, 0377,
X	0377, 0377, 0377, 0377, 0377, 0377, 0200, 0000, 0000, 0021,
X	0121, 0165, 0127, 0127, 0165, 0127, 0367, 0177, 0377, 0377,
X	0377, 0377, 0377, 0377, 0377, 0377, 0377, 0377, 0377, 0377,
X	0242, 0052, 0252, 0252, 0353, 0376, 0277, 0277, 0377, 0377,
X	0377, 0377, 0377, 0377, 0377, 0377, 0377, 0377, 0377, 0377,
X	0377, 0377, 0377, 0377, 0200, 0000, 0104, 0104, 0325, 0335,
X	0135, 0135, 0375, 0337, 0377, 0377, 0377, 0377, 0377, 0377,
X	0377, 0377, 0377, 0377, 0377, 0377, 0377, 0377, 0252, 0252,
X	0252, 0252, 0353, 0376, 0356, 0377, 0377, 0377, 0377, 0377,
X	0377, 0377, 0377, 0377, 0377, 0377, 0377, 0377, 0377, 0377,
X	0377, 0377, 0200, 0000, 0001, 0021, 0125, 0125, 0125, 0127,
X	0165, 0127, 0177, 0177, 0377, 0377, 0377, 0377, 0377, 0377,
X	0377, 0377, 0377, 0377, 0377, 0377, 0242, 0052, 0252, 0252,
X	0353, 0376, 0273, 0277, 0377, 0377, 0377, 0377, 0377, 0377,
X	0377, 0377, 0377, 0377, 0377, 0377, 0377, 0377, 0377, 0377,
X	0000, 0000, 0004, 0105, 0325, 0335, 0135, 0137, 0335, 0337,
X	0377, 0377, 0377, 0377, 0377, 0377, 0377, 0377, 0377, 0377,
X	0377, 0377, 0377, 0377, 0212, 0252, 0252, 0252, 0353, 0376,
X	0377, 0377, 0377, 0377, 0377, 0377, 0377, 0377, 0377, 0377,
X	0377, 0377, 0377, 0377, 0377, 0377, 0377, 0377, 0200, 0000,
X	0021, 0021, 0125, 0167, 0125, 0127, 0165, 0167, 0377, 0377,
X	0377, 0377, 0377, 0377, 0377, 0377, 0377, 0377, 0377, 0377,
X	0377, 0377, 0242, 0252, 0252, 0252, 0353, 0377, 0273, 0377,
X	0377, 0377, 0377, 0377, 0377, 0377, 0377, 0377, 0377, 0377,
X	0377, 0377, 0377, 0377, 0377, 0377, 0200, 0000, 0104, 0125,
X	0325, 0335, 0135, 0137, 0375, 0337, 0377, 0377, 0377, 0377,
X	0377, 0377, 0377, 0377, 0377, 0377, 0377, 0377, 0377, 0377,
X	0252, 0252, 0252, 0252, 0353, 0376, 0377, 0377, 0377, 0377,
X	0377, 0377, 0377, 0377, 0377, 0377, 0377, 0377, 0377, 0377,
X	0377, 0377, 0377, 0377, 0200, 0000, 0001, 0021, 0125, 0127,
X	0165, 0127, 0167, 0167, 0177, 0377, 0377, 0377, 0377, 0377,
X	0377, 0377, 0377, 0377, 0377, 0377, 0377, 0377, 0252, 0252,
X	0252, 0252, 0353, 0377, 0273, 0277, 0377, 0377, 0377, 0377,
X	0377, 0377, 0377, 0377, 0377, 0377, 0377, 0377, 0377, 0377,
X	0377, 0377, 0200, 0004, 0105, 0125, 0325, 0335, 0135, 0137,
X	0375, 0337, 0377, 0377, 0377, 0377, 0377, 0377, 0377, 0377,
X	0377, 0377, 0377, 0377, 0377, 0377, 0252, 0252, 0252, 0252,
X	0356, 0376, 0377, 0377, 0377, 0377, 0377, 0377, 0377, 0377,
X	0377, 0377, 0377, 0377, 0377, 0377, 0377, 0377, 0377, 0377,
X	0200, 0000, 0021, 0021, 0125, 0167, 0125, 0127, 0167, 0167,
X	0377, 0377, 0377, 0377, 0377, 0377, 0377, 0377, 0377, 0377,
X	0377, 0377, 0377, 0377, 0252, 0252, 0252, 0252, 0352, 0377,
X	0273, 0377, 0377, 0377, 0377, 0377, 0377, 0377, 0377, 0377,
X	0377, 0377, 0377, 0377, 0377, 0377, 0377, 0377, 0200, 0104,
X	0125, 0125, 0325, 0135, 0135, 0137, 0375, 0377, 0377, 0377,
X	0377, 0377, 0377, 0377, 0377, 0377, 0377, 0377, 0377, 0377,
X	0377, 0377, 0252, 0252, 0252, 0252, 0356, 0377, 0377, 0377,
X	0377, 0377, 0377, 0377, 0377, 0377, 0377, 0377, 0377, 0377,
X	0377, 0377, 0377, 0377, 0377, 0377, 0300, 0001, 0021, 0025,
X	0125, 0167, 0125, 0127, 0167, 0167, 0177, 0377, 0377, 0377,
X	0377, 0377, 0377, 0377, 0377, 0377, 0377, 0377, 0377, 0377,
X	0352, 0252, 0252, 0252, 0353, 0377, 0277, 0377, 0377, 0377,
X	0377, 0377, 0377, 0377, 0377, 0377, 0377, 0377, 0377, 0377,
X	0377, 0377, 0377, 0377, 0304, 0104, 0105, 0125, 0125, 0135,
X	0335, 0137, 0375, 0377, 0377, 0377, 0377, 0377, 0377, 0377,
X	0377, 0377, 0377, 0377, 0377, 0377, 0377, 0377, 0352, 0252,
X	0252, 0252, 0356, 0377, 0377, 0377, 0377, 0377, 0377, 0377,
X	0377, 0377, 0377, 0377, 0377, 0377, 0377, 0377, 0377, 0377,
X	0377, 0377, 0300, 0021, 0021, 0125, 0165, 0167, 0165, 0127,
X	0367, 0167, 0377, 0377, 0377, 0377, 0377, 0377, 0377, 0377,
X	0377, 0377, 0377, 0377, 0377, 0377, 0352, 0252, 0252, 0252,
X	0373, 0277, 0377, 0377, 0377, 0377, 0377, 0377, 0377, 0377,
X	0377, 0377, 0377, 0377, 0377, 0377, 0377, 0377, 0377, 0377,
X	0344, 0104, 0125, 0125, 0125, 0135, 0365, 0337, 0377, 0377,
X	0377, 0377, 0377, 0377, 0377, 0377, 0377, 0377, 0377, 0377,
X	0377, 0377, 0377, 0377, 0352, 0252, 0252, 0252, 0356, 0377,
X	0377, 0377, 0377, 0377, 0377, 0377, 0377, 0377, 0377, 0377,
X	0377, 0377, 0377, 0377, 0377, 0377, 0377, 0377, 0340, 0021,
X	0025, 0125, 0125, 0127, 0165, 0127, 0177, 0177, 0377, 0377,
X	0377, 0377, 0377, 0377, 0377, 0377, 0377, 0377, 0377, 0377,
X	0377, 0377, 0352, 0252, 0252, 0252, 0273, 0277, 0377, 0377,
X	0377, 0377, 0377, 0377, 0377, 0377, 0377, 0377, 0377, 0377,
X	0377, 0377, 0377, 0377, 0377, 0377, 0364, 0105, 0125, 0125,
X	0125, 0137, 0325, 0337, 0377, 0377, 0377, 0377, 0377, 0377,
X	0377, 0377, 0377, 0377, 0377, 0377, 0377, 0377, 0377, 0377,
X	0372, 0252, 0252, 0256, 0377, 0377, 0377, 0377, 0377, 0377,
X	0377, 0377, 0377, 0377, 0377, 0377, 0377, 0377, 0377, 0377,
X	0377, 0377, 0377, 0377, 0361, 0021, 0125, 0125, 0165, 0127,
X	0165, 0167, 0367, 0377, 0377, 0377, 0377, 0377, 0377, 0377,
X	0377, 0377, 0377, 0377, 0377, 0377, 0377, 0377, 0372, 0252,
X	0252, 0252, 0273, 0277, 0377, 0377, 0377, 0377, 0377, 0377,
X	0377, 0377, 0377, 0377, 0377, 0377, 0377, 0377, 0377, 0377,
X	0377, 0377, 0374, 0125, 0125, 0125, 0135, 0125, 0375, 0337,
X	0377, 0377, 0377, 0377, 0377, 0377, 0377, 0377, 0377, 0377,
X	0377, 0377, 0377, 0377, 0377, 0377, 0372, 0252, 0252, 0356,
X	0377, 0377, 0377, 0377, 0377, 0377, 0377, 0377, 0377, 0377,
X	0377, 0377, 0377, 0377, 0377, 0377, 0377, 0377, 0377, 0377,
X	0375, 0021, 0025, 0125, 0125, 0127, 0165, 0127, 0177, 0377,
X	0377, 0377, 0377, 0377, 0377, 0377, 0377, 0377, 0377, 0377,
X	0377, 0377, 0377, 0377, 0376, 0252, 0252, 0253, 0273, 0277,
X	0377, 0377, 0377, 0377, 0377, 0377, 0377, 0377, 0377, 0377,
X	0377, 0377, 0377, 0377, 0377, 0377, 0377, 0377, 0374, 0105,
X	0125, 0125, 0135, 0127, 0375, 0337, 0377, 0377, 0377, 0377,
X	0377, 0377, 0377, 0377, 0377, 0377, 0377, 0377, 0377, 0377,
X	0377, 0377, 0376, 0252, 0256, 0356, 0357, 0377, 0377, 0377,
X	0377, 0377, 0377, 0377, 0377, 0377, 0377, 0377, 0377, 0377,
X	0377, 0377, 0377, 0377, 0377, 0377, 0377, 0021, 0125, 0125,
X	0125, 0127, 0165, 0167, 0377, 0377, 0377, 0377, 0377, 0377,
X	0377, 0377, 0377, 0377, 0377, 0377, 0377, 0377, 0377, 0377,
X	0377, 0252, 0252, 0273, 0277, 0377, 0377, 0377, 0377, 0377,
X	0377, 0377, 0377, 0377, 0377, 0377, 0377, 0377, 0377, 0377,
X	0377, 0377, 0377, 0377, 0377, 0125, 0125, 0125, 0135, 0125,
X	0375, 0377, 0377, 0377, 0377, 0377, 0377, 0377, 0377, 0377,
X	0377, 0377, 0377, 0377, 0377, 0377, 0377, 0377, 0377, 0252,
X	0356, 0356, 0377, 0377, 0377, 0377, 0377, 0377, 0377, 0377,
X	0377, 0377, 0377, 0377, 0377, 0377, 0377, 0377, 0377, 0377,
X	0377, 0377, 0377, 0225, 0125, 0125, 0127, 0125, 0167, 0167,
X	0177, 0377, 0377, 0377, 0377, 0377, 0377, 0377, 0377, 0377,
X	0377, 0377, 0377, 0377, 0377, 0377, 0377, 0252, 0252, 0273,
X	0277, 0377, 0377, 0377, 0377, 0377, 0377, 0377, 0377, 0377,
X	0377, 0377, 0377, 0377, 0377, 0377, 0377, 0377, 0377, 0377,
X	0377, 0325, 0125, 0125, 0127, 0135, 0375, 0337, 0377, 0377,
X	0377, 0377, 0377, 0377, 0377, 0377, 0377, 0377, 0377, 0377,
X	0377, 0377, 0377, 0377, 0377, 0352, 0256, 0357, 0377, 0377,
X	0377, 0377, 0377, 0377, 0377, 0377, 0377, 0377, 0377, 0377,
X	0377, 0377, 0377, 0377, 0377, 0377, 0377, 0377, 0377, 0365,
X	0125, 0125, 0127, 0125, 0167, 0167, 0377, 0377, 0377, 0377,
END_OF_FILE
# end of 'src/copyright.h.5'
fi
echo shar: End of archive 58 \(of 61\).
cp /dev/null ark58isdone
MISSING=""
for I in 1 2 3 4 5 6 7 8 9 10 11 12 13 14 15 16 17 18 19 20 \
	21 22 23 24 25 26 27 28 29 30 31 32 33 34 35 36 37 \
	38 39 40 41 42 43 44 45 46 47 48 49 50 51 52 53 54 \
	55 56 57 58 59 60 61 ; do
    if test ! -f ark${I}isdone ; then
	MISSING="${MISSING} ${I}"
    fi
done
if test "${MISSING}" = "" ; then
    echo You have unpacked all 61 archives.
    rm -f ark[1-9]isdone ark[1-9][0-9]isdone
else
    echo You still need to unpack the following archives:
    echo "        " ${MISSING}
fi
##  End of shell archive.
exit 0
