Subject:  v17i057:  MGR, Bellcore window manager, Part56/61
Newsgroups: comp.sources.unix
Approved: rsalz@uunet.UU.NET

Submitted-by: Stephen A. Uhler <sau@bellcore.com>
Posting-number: Volume 17, Issue 57
Archive-name: mgr/part56




#! /bin/sh
# This is a shell archive.  Remove anything before this line, then unpack
# it by saving it into a file and typing "sh file".  To overwrite existing
# files, type "sh file -c".  You can also feed this as standard input via
# unshar, or by typing "sh <file", e.g..  If this archive is complete, you
# will see the following message at the end:
#		"End of archive 56 (of 61)."
# Contents:  src/copyright.h.4
# Wrapped by rsalz@papaya.bbn.com on Thu Nov 17 21:06:03 1988
PATH=/bin:/usr/bin:/usr/ucb ; export PATH
if test -f 'src/copyright.h.4' -a "${1}" != "-c" ; then 
  echo shar: Will not clobber existing file \"'src/copyright.h.4'\"
else
echo shar: Extracting \"'src/copyright.h.4'\" \(42094 characters\)
sed "s/^X//" >'src/copyright.h.4' <<'END_OF_FILE'
X	0137, 0377, 0377, 0377, 0377, 0377, 0377, 0377, 0377, 0377,
X	0377, 0377, 0377, 0377, 0377, 0377, 0377, 0377, 0377, 0377,
X	0377, 0377, 0377, 0377, 0357, 0377, 0377, 0377, 0377, 0377,
X	0377, 0377, 0377, 0377, 0377, 0377, 0377, 0377, 0377, 0377,
X	0377, 0377, 0377, 0377, 0377, 0377, 0167, 0125, 0137, 0377,
X	0377, 0377, 0377, 0377, 0377, 0377, 0377, 0377, 0377, 0377,
X	0377, 0377, 0377, 0377, 0377, 0377, 0377, 0377, 0377, 0377,
X	0377, 0377, 0277, 0377, 0377, 0377, 0377, 0377, 0377, 0377,
X	0377, 0377, 0377, 0377, 0377, 0377, 0377, 0377, 0377, 0377,
X	0377, 0377, 0377, 0377, 0375, 0325, 0137, 0377, 0377, 0377,
X	0377, 0377, 0377, 0377, 0377, 0377, 0377, 0377, 0377, 0377,
X	0377, 0377, 0377, 0377, 0377, 0377, 0377, 0377, 0377, 0377,
X	0377, 0377, 0377, 0377, 0377, 0377, 0377, 0377, 0377, 0377,
X	0377, 0377, 0377, 0377, 0377, 0377, 0377, 0377, 0377, 0377,
X	0377, 0377, 0367, 0125, 0137, 0377, 0377, 0377, 0377, 0377,
X	0377, 0377, 0377, 0377, 0377, 0377, 0377, 0377, 0377, 0377,
X	0377, 0377, 0377, 0377, 0377, 0377, 0377, 0377, 0277, 0377,
X	0377, 0377, 0377, 0377, 0377, 0377, 0377, 0377, 0377, 0377,
X	0377, 0377, 0377, 0377, 0377, 0377, 0377, 0377, 0377, 0377,
X	0375, 0325, 0177, 0377, 0377, 0377, 0377, 0377, 0377, 0377,
X	0377, 0377, 0377, 0377, 0377, 0377, 0377, 0377, 0377, 0377,
X	0377, 0377, 0377, 0377, 0377, 0377, 0377, 0377, 0377, 0377,
X	0377, 0377, 0377, 0377, 0377, 0377, 0377, 0377, 0377, 0377,
X	0377, 0377, 0377, 0377, 0377, 0377, 0377, 0377, 0367, 0125,
X	0177, 0377, 0377, 0377, 0377, 0377, 0377, 0377, 0377, 0377,
X	0377, 0377, 0377, 0377, 0377, 0377, 0377, 0377, 0377, 0377,
X	0377, 0377, 0377, 0377, 0277, 0377, 0377, 0377, 0377, 0377,
X	0377, 0377, 0377, 0377, 0377, 0377, 0377, 0377, 0377, 0377,
X	0377, 0377, 0377, 0377, 0377, 0377, 0377, 0325, 0177, 0377,
X	0377, 0377, 0377, 0377, 0377, 0377, 0377, 0377, 0377, 0377,
X	0377, 0377, 0377, 0377, 0377, 0377, 0377, 0377, 0377, 0377,
X	0377, 0377, 0377, 0377, 0377, 0377, 0377, 0377, 0377, 0377,
X	0377, 0377, 0377, 0377, 0377, 0377, 0377, 0377, 0377, 0377,
X	0377, 0377, 0377, 0377, 0367, 0165, 0177, 0377, 0377, 0377,
X	0377, 0377, 0377, 0377, 0377, 0377, 0377, 0377, 0377, 0377,
X	0377, 0377, 0377, 0377, 0377, 0377, 0377, 0377, 0377, 0377,
X	0377, 0377, 0377, 0377, 0377, 0377, 0377, 0377, 0377, 0377,
X	0377, 0377, 0377, 0377, 0377, 0377, 0377, 0377, 0377, 0377,
X	0377, 0377, 0375, 0325, 0377, 0377, 0377, 0377, 0377, 0377,
X	0377, 0377, 0377, 0377, 0377, 0377, 0377, 0377, 0377, 0377,
X	0377, 0377, 0377, 0377, 0377, 0377, 0377, 0376, 0377, 0377,
X	0377, 0377, 0377, 0377, 0377, 0377, 0377, 0377, 0377, 0377,
X	0377, 0377, 0377, 0377, 0377, 0377, 0377, 0377, 0377, 0377,
X	0367, 0125, 0377, 0377, 0377, 0377, 0377, 0377, 0377, 0377,
X	0377, 0377, 0377, 0377, 0377, 0377, 0377, 0377, 0377, 0377,
X	0377, 0377, 0377, 0377, 0377, 0377, 0377, 0377, 0377, 0377,
X	0377, 0377, 0377, 0377, 0377, 0377, 0377, 0377, 0377, 0377,
X	0377, 0377, 0377, 0377, 0377, 0377, 0377, 0377, 0377, 0325,
X	0377, 0377, 0377, 0377, 0377, 0377, 0377, 0377, 0377, 0377,
X	0377, 0377, 0377, 0377, 0377, 0377, 0377, 0377, 0377, 0377,
X	0377, 0377, 0377, 0377, 0377, 0377, 0377, 0377, 0377, 0377,
X	0377, 0377, 0377, 0377, 0377, 0377, 0377, 0377, 0377, 0377,
X	0377, 0377, 0377, 0377, 0377, 0377, 0367, 0127, 0377, 0377,
X	0377, 0377, 0377, 0377, 0377, 0377, 0377, 0377, 0377, 0377,
X	0377, 0377, 0377, 0377, 0377, 0377, 0377, 0377, 0377, 0377,
X	0377, 0377, 0377, 0377, 0377, 0377, 0377, 0377, 0377, 0377,
X	0377, 0377, 0377, 0377, 0377, 0377, 0377, 0377, 0377, 0377,
X	0377, 0377, 0377, 0377, 0375, 0327, 0377, 0377, 0377, 0377,
X	0377, 0377, 0377, 0377, 0377, 0377, 0377, 0377, 0377, 0377,
X	0377, 0377, 0377, 0377, 0377, 0377, 0377, 0377, 0377, 0377,
X	0377, 0377, 0377, 0377, 0377, 0377, 0377, 0377, 0377, 0377,
X	0377, 0377, 0377, 0377, 0377, 0377, 0377, 0377, 0377, 0377,
X	0377, 0377, 0367, 0137, 0377, 0377, 0377, 0377, 0377, 0377,
X	0377, 0377, 0377, 0377, 0377, 0377, 0377, 0377, 0377, 0377,
X	0377, 0377, 0377, 0377, 0377, 0377, 0377, 0377, 0377, 0377,
X	0377, 0377, 0377, 0377, 0377, 0377, 0377, 0377, 0377, 0377,
X	0377, 0377, 0377, 0377, 0377, 0377, 0377, 0377, 0377, 0377,
X	0375, 0337, 0377, 0377, 0377, 0377, 0377, 0377, 0377, 0377,
X	0377, 0377, 0377, 0377, 0377, 0377, 0377, 0377, 0377, 0377,
X	0377, 0377, 0377, 0377, 0377, 0377, 0377, 0377, 0377, 0377,
X	0377, 0377, 0377, 0377, 0377, 0377, 0377, 0377, 0377, 0377,
X	0377, 0377, 0377, 0377, 0377, 0377, 0377, 0377, 0367, 0177,
X	0377, 0377, 0377, 0377, 0377, 0377, 0377, 0377, 0377, 0377,
X	0377, 0377, 0377, 0377, 0377, 0377, 0377, 0377, 0377, 0377,
X	0377, 0377, 0377, 0377, 0377, 0377, 0377, 0377, 0377, 0377,
X	0377, 0377, 0377, 0377, 0377, 0377, 0377, 0377, 0377, 0377,
X	0377, 0377, 0377, 0377, 0377, 0377, 0375, 0377, 0377, 0377,
X	0377, 0377, 0377, 0377, 0377, 0377, 0377, 0377, 0377, 0377,
X	0377, 0377, 0377, 0377, 0377, 0377, 0377, 0377, 0377, 0377,
X	0377, 0377, 0377, 0377, 0377, 0377, 0377, 0377, 0377, 0377,
X	0377, 0377, 0377, 0377, 0377, 0377, 0377, 0377, 0377, 0377,
X	0377, 0377, 0377, 0377, 0367, 0377, 0377, 0377, 0377, 0377,
X	0377, 0377, 0377, 0377, 0377, 0377, 0377, 0377, 0377, 0377,
X	0377, 0377, 0377, 0377, 0377, 0377, 0377, 0377, 0377, 0377,
X	0377, 0377, 0377, 0377, 0377, 0377, 0377, 0377, 0377, 0377,
X	0377, 0377, 0377, 0377, 0377, 0377, 0377, 0377, 0377, 0377,
X	0377, 0377, 0375, 0377, 0377, 0377, 0377, 0377, 0377, 0377,
X	0377, 0377, 0377, 0377, 0377, 0377, 0377, 0377, 0377, 0377,
X	0377, 0377, 0377, 0377, 0377, 0377, 0377, 0377, 0377, 0377,
X	0377, 0377, 0377, 0377, 0377, 0377, 0377, 0377, 0377, 0377,
X	0377, 0377, 0377, 0377, 0377, 0377, 0377, 0377, 0377, 0377,
X	0367, 0377, 0377, 0377, 0377, 0377, 0377, 0377, 0377, 0377,
X	0377, 0377, 0377, 0377, 0377, 0377, 0377, 0377, 0377, 0377,
X	0377, 0377, 0377, 0377, 0377, 0377, 0377, 0377, 0377, 0377,
X	0377, 0377, 0377, 0377, 0377, 0377, 0377, 0377, 0377, 0377,
X	0377, 0377, 0377, 0377, 0377, 0377, 0377, 0377, 0377, 0377,
X	0377, 0377, 0377, 0377, 0377, 0377, 0377, 0377, 0377, 0377,
X	0377, 0377, 0377, 0377, 0377, 0377, 0377, 0377, 0377, 0377,
X	0377, 0377, 0377, 0377, 0377, 0377, 0377, 0377, 0377, 0377,
X	0377, 0377, 0377, 0377, 0377, 0377, 0377, 0377, 0377, 0377,
X	0377, 0377, 0377, 0377, 0377, 0377, 0137, 0377, 0377, 0377,
X	0377, 0377, 0377, 0377, 0377, 0377, 0377, 0377, 0377, 0377,
X	0377, 0377, 0377, 0377, 0377, 0377, 0377, 0377, 0377, 0377,
X	0377, 0377, 0377, 0377, 0377, 0377, 0377, 0377, 0377, 0377,
X	0377, 0377, 0377, 0377, 0377, 0377, 0377, 0377, 0377, 0377,
X	0377, 0377, 0377, 0377, 0377, 0377, 0377, 0377, 0377, 0377,
X	0377, 0377, 0377, 0377, 0377, 0377, 0377, 0377, 0377, 0377,
X	0377, 0377, 0377, 0377, 0377, 0377, 0377, 0377, 0377, 0377,
X	0377, 0377, 0377, 0377, 0377, 0377, 0377, 0377, 0377, 0377,
X	0377, 0377, 0377, 0377, 0377, 0377, 0377, 0377, 0377, 0377,
X	0377, 0377, 0377, 0377, 0377, 0377, 0377, 0377, 0377, 0377,
X	0377, 0377, 0377, 0377, 0377, 0377, 0377, 0377, 0377, 0377,
X	0377, 0377, 0377, 0377, 0377, 0377, 0377, 0377, 0377, 0377,
X	0377, 0377, 0377, 0377, 0377, 0377, 0377, 0377, 0377, 0377,
X	0377, 0377, 0377, 0377, 0377, 0377, 0377, 0377, 0377, 0377,
X	0377, 0377, 0377, 0377, 0377, 0377, 0377, 0377, 0377, 0377,
X	0377, 0377, 0377, 0377, 0377, 0377, 0377, 0377, 0377, 0377,
X	0377, 0377, 0377, 0377, 0377, 0377, 0377, 0377, 0377, 0377,
X	0377, 0377, 0377, 0377, 0377, 0377, 0377, 0377, 0377, 0377,
X	0377, 0377, 0377, 0377, 0377, 0377, 0377, 0377, 0377, 0377,
X	0377, 0377, 0377, 0377, 0377, 0377, 0377, 0377, 0377, 0377,
X	0377, 0377, 0377, 0377, 0377, 0377, 0377, 0377, 0377, 0377,
X	0377, 0377, 0377, 0377, 0377, 0377, 0377, 0377, 0377, 0377,
X	0377, 0377, 0377, 0377, 0377, 0377, 0377, 0377, 0377, 0377,
X	0377, 0377, 0377, 0377, 0377, 0377, 0377, 0377, 0377, 0377,
X	0377, 0377, 0377, 0377, 0377, 0377, 0377, 0377, 0377, 0377,
X	0377, 0377, 0377, 0377, 0377, 0377, 0377, 0377, 0377, 0377,
X	0377, 0377, 0377, 0377, 0377, 0377, 0377, 0377, 0377, 0377,
X	0377, 0377, 0377, 0377, 0377, 0377, 0377, 0377, 0377, 0377,
X	0377, 0377, 0377, 0377, 0377, 0377, 0377, 0377, 0377, 0377,
X	0377, 0377, 0377, 0377, 0377, 0377, 0377, 0377, 0377, 0377,
X	0377, 0377, 0377, 0377, 0377, 0377, 0377, 0377, 0377, 0377,
X	0377, 0377, 0377, 0377, 0377, 0377, 0377, 0377, 0377, 0377,
X	0377, 0377, 0377, 0377, 0377, 0377, 0377, 0377, 0377, 0377,
X	0377, 0377, 0377, 0377, 0377, 0377, 0377, 0377, 0377, 0377,
X	0377, 0377, 0377, 0377, 0377, 0377, 0377, 0377, 0377, 0377,
X	0377, 0377, 0377, 0377, 0377, 0377, 0377, 0377, 0377, 0377,
X	0377, 0377, 0377, 0377, 0377, 0377, 0377, 0377, 0377, 0377,
X	0377, 0377, 0377, 0377, 0377, 0377, 0377, 0377, 0377, 0377,
X	0377, 0377, 0377, 0377, 0377, 0377, 0377, 0377, 0377, 0377,
X	0377, 0377, 0377, 0377, 0377, 0377, 0377, 0377, 0377, 0377,
X	0377, 0377, 0377, 0377, 0377, 0377, 0377, 0377, 0377, 0377,
X	0377, 0377, 0377, 0377, 0377, 0377, 0377, 0377, 0377, 0377,
X	0377, 0377, 0377, 0377, 0377, 0377, 0377, 0377, 0377, 0377,
X	0377, 0377, 0377, 0377, 0377, 0377, 0377, 0377, 0377, 0377,
X	0377, 0377, 0377, 0377, 0377, 0377, 0377, 0377, 0377, 0377,
X	0377, 0377, 0377, 0377, 0377, 0377, 0377, 0377, 0377, 0377,
X	0377, 0377, 0377, 0377, 0377, 0377, 0377, 0377, 0377, 0377,
X	0377, 0377, 0377, 0377, 0377, 0377, 0377, 0377, 0377, 0377,
X	0377, 0377, 0377, 0377, 0377, 0377, 0377, 0377, 0377, 0377,
X	0377, 0377, 0377, 0377, 0377, 0377, 0377, 0377, 0377, 0377,
X	0377, 0377, 0377, 0377, 0377, 0377, 0377, 0377, 0377, 0377,
X	0377, 0377, 0377, 0377, 0377, 0377, 0377, 0377, 0377, 0377,
X	0377, 0377, 0377, 0377, 0377, 0377, 0377, 0377, 0377, 0377,
X	0377, 0377, 0377, 0377, 0377, 0377, 0377, 0377, 0377, 0377,
X	0377, 0377, 0377, 0377, 0377, 0377, 0377, 0377, 0377, 0377,
X	0377, 0377, 0377, 0377, 0377, 0377, 0377, 0377, 0377, 0377,
X	0377, 0377, 0377, 0377, 0377, 0377, 0377, 0377, 0377, 0377,
X	0377, 0377, 0377, 0377, 0377, 0377, 0377, 0377, 0377, 0377,
X	0377, 0377, 0377, 0377, 0377, 0377, 0377, 0377, 0377, 0377,
X	0377, 0377, 0377, 0377, 0377, 0377, 0377, 0377, 0377, 0377,
X	0377, 0377, 0377, 0377, 0377, 0377, 0377, 0377, 0377, 0377,
X	0377, 0377, 0377, 0377, 0377, 0377, 0377, 0377, 0377, 0377,
X	0377, 0377, 0377, 0377, 0377, 0377, 0377, 0377, 0377, 0377,
X	0377, 0377, 0377, 0377, 0377, 0377, 0377, 0377, 0377, 0377,
X	0377, 0377, 0377, 0377, 0377, 0377, 0377, 0377, 0377, 0377,
X	0377, 0377, 0377, 0377, 0377, 0377, 0377, 0377, 0377, 0377,
X	0377, 0377, 0377, 0377, 0377, 0377, 0377, 0377, 0377, 0377,
X	0377, 0377, 0377, 0377, 0377, 0377, 0377, 0377, 0377, 0377,
X	0377, 0377, 0377, 0377, 0377, 0377, 0377, 0377, 0377, 0377,
X	0377, 0377, 0377, 0377, 0377, 0377, 0377, 0377, 0377, 0377,
X	0377, 0377, 0377, 0377, 0377, 0377, 0377, 0377, 0377, 0377,
X	0377, 0377, 0377, 0377, 0377, 0377, 0377, 0377, 0377, 0377,
X	0377, 0377, 0377, 0377, 0377, 0377, 0377, 0377, 0377, 0377,
X	0377, 0377, 0377, 0377, 0377, 0377, 0377, 0377, 0377, 0377,
X	0377, 0377, 0377, 0377, 0377, 0377, 0377, 0377, 0377, 0377,
X	0377, 0377, 0377, 0377, 0377, 0377, 0377, 0377, 0377, 0377,
X	0377, 0377, 0377, 0377, 0377, 0377, 0377, 0377, 0377, 0377,
X	0377, 0377, 0377, 0377, 0377, 0377, 0377, 0377, 0377, 0377,
X	0377, 0377, 0377, 0377, 0377, 0377, 0377, 0377, 0377, 0377,
X	0377, 0377, 0377, 0377, 0377, 0377, 0377, 0377, 0377, 0377,
X	0377, 0377, 0377, 0377, 0377, 0377, 0377, 0377, 0377, 0377,
X	0377, 0377, 0377, 0377, 0377, 0377, 0377, 0377, 0377, 0377,
X	0377, 0377, 0377, 0377, 0377, 0377, 0377, 0377, 0377, 0377,
X	0377, 0377, 0377, 0377, 0377, 0377, 0377, 0377, 0377, 0377,
X	0377, 0377, 0377, 0377, 0377, 0377, 0377, 0377, 0377, 0377,
X	0377, 0377, 0377, 0377, 0377, 0377, 0377, 0377, 0377, 0377,
X	0377, 0377, 0377, 0377, 0000, 0000, 0000, 0000, 0000, 0000,
X	0000, 0000, 0000, 0000, 0000, 0000, 0000, 0000, 0000, 0000,
X	0000, 0000, 0000, 0000, 0000, 0000, 0007, 0377, 
X	};
X/* bitmap for lb_4 */
X
X/* bitmap data */
X
Xstatic char lb_4_bits[] = {
X	0377, 0377, 0377, 0377, 0377, 0377, 0377, 0377, 0377, 0377,
X	0377, 0337, 0377, 0377, 0377, 0377, 0377, 0377, 0377, 0377,
X	0377, 0377, 0377, 0377, 0377, 0377, 0377, 0377, 0377, 0377,
X	0377, 0377, 0377, 0372, 0253, 0253, 0252, 0377, 0377, 0377,
X	0377, 0377, 0377, 0377, 0377, 0377, 0377, 0377, 0377, 0377,
X	0377, 0377, 0377, 0377, 0377, 0377, 0377, 0125, 0125, 0125,
X	0125, 0127, 0377, 0377, 0377, 0377, 0377, 0377, 0377, 0377,
X	0377, 0377, 0377, 0377, 0377, 0377, 0377, 0377, 0377, 0377,
X	0356, 0357, 0377, 0377, 0377, 0356, 0277, 0377, 0377, 0377,
X	0377, 0377, 0377, 0377, 0377, 0377, 0377, 0377, 0377, 0377,
X	0377, 0377, 0377, 0377, 0125, 0125, 0125, 0125, 0125, 0125,
X	0127, 0377, 0377, 0377, 0377, 0377, 0377, 0377, 0377, 0377,
X	0377, 0377, 0377, 0377, 0377, 0377, 0377, 0373, 0273, 0377,
X	0377, 0377, 0377, 0377, 0272, 0377, 0377, 0377, 0377, 0377,
X	0377, 0377, 0377, 0377, 0377, 0377, 0377, 0377, 0377, 0377,
X	0377, 0325, 0125, 0335, 0335, 0335, 0335, 0325, 0125, 0137,
X	0377, 0377, 0377, 0377, 0377, 0377, 0377, 0377, 0377, 0377,
X	0377, 0377, 0377, 0377, 0377, 0377, 0377, 0377, 0377, 0377,
X	0377, 0377, 0377, 0357, 0377, 0377, 0377, 0377, 0377, 0377,
X	0377, 0377, 0377, 0377, 0377, 0377, 0377, 0377, 0375, 0125,
X	0125, 0127, 0167, 0167, 0167, 0125, 0125, 0125, 0377, 0377,
X	0377, 0377, 0377, 0377, 0377, 0377, 0377, 0377, 0377, 0377,
X	0377, 0377, 0353, 0277, 0377, 0377, 0377, 0377, 0377, 0377,
X	0377, 0373, 0277, 0377, 0377, 0377, 0377, 0377, 0377, 0377,
X	0377, 0377, 0377, 0377, 0377, 0377, 0325, 0135, 0335, 0337,
X	0337, 0377, 0337, 0335, 0335, 0325, 0137, 0377, 0377, 0377,
X	0377, 0377, 0377, 0377, 0377, 0377, 0377, 0377, 0377, 0376,
X	0377, 0377, 0377, 0377, 0377, 0377, 0377, 0377, 0377, 0377,
X	0357, 0377, 0377, 0377, 0377, 0377, 0377, 0377, 0377, 0377,
X	0377, 0377, 0377, 0375, 0125, 0167, 0167, 0167, 0367, 0377,
X	0367, 0367, 0167, 0165, 0125, 0377, 0377, 0377, 0377, 0377,
X	0377, 0377, 0377, 0377, 0377, 0377, 0377, 0373, 0377, 0377,
X	0377, 0377, 0377, 0377, 0377, 0377, 0377, 0377, 0377, 0377,
X	0377, 0377, 0377, 0377, 0377, 0377, 0377, 0377, 0377, 0377,
X	0377, 0325, 0335, 0377, 0377, 0377, 0377, 0377, 0377, 0377,
X	0377, 0375, 0325, 0137, 0377, 0377, 0377, 0377, 0377, 0377,
X	0377, 0377, 0377, 0377, 0377, 0377, 0377, 0377, 0377, 0377,
X	0377, 0377, 0377, 0377, 0377, 0377, 0377, 0377, 0377, 0377,
X	0377, 0377, 0377, 0377, 0377, 0377, 0377, 0377, 0377, 0125,
X	0167, 0177, 0377, 0377, 0377, 0377, 0377, 0377, 0377, 0167,
X	0165, 0127, 0377, 0377, 0377, 0377, 0377, 0377, 0377, 0377,
X	0377, 0377, 0377, 0377, 0377, 0377, 0377, 0377, 0377, 0377,
X	0377, 0377, 0377, 0377, 0377, 0373, 0377, 0377, 0377, 0377,
X	0377, 0377, 0377, 0377, 0377, 0377, 0365, 0135, 0377, 0377,
X	0377, 0377, 0377, 0377, 0377, 0377, 0377, 0377, 0375, 0335,
X	0177, 0377, 0377, 0377, 0377, 0377, 0377, 0377, 0377, 0377,
X	0357, 0377, 0377, 0377, 0377, 0377, 0377, 0377, 0377, 0377,
X	0377, 0377, 0377, 0377, 0377, 0377, 0377, 0377, 0377, 0377,
X	0377, 0377, 0377, 0377, 0325, 0167, 0377, 0377, 0377, 0377,
X	0377, 0377, 0377, 0377, 0377, 0377, 0367, 0165, 0137, 0377,
X	0377, 0377, 0377, 0377, 0377, 0377, 0377, 0377, 0277, 0377,
X	0377, 0377, 0377, 0377, 0377, 0377, 0377, 0377, 0377, 0377,
X	0377, 0377, 0377, 0377, 0377, 0377, 0377, 0377, 0377, 0377,
X	0377, 0377, 0135, 0377, 0377, 0377, 0377, 0377, 0377, 0377,
X	0377, 0377, 0377, 0377, 0377, 0375, 0327, 0377, 0377, 0377,
X	0377, 0377, 0377, 0377, 0377, 0377, 0377, 0377, 0377, 0377,
X	0377, 0377, 0377, 0377, 0377, 0377, 0377, 0377, 0377, 0377,
X	0377, 0377, 0377, 0377, 0377, 0377, 0377, 0377, 0377, 0375,
X	0127, 0177, 0377, 0377, 0377, 0377, 0377, 0377, 0377, 0377,
X	0377, 0377, 0377, 0367, 0125, 0377, 0377, 0377, 0377, 0377,
X	0377, 0377, 0377, 0377, 0377, 0377, 0377, 0377, 0377, 0377,
X	0377, 0377, 0377, 0377, 0377, 0377, 0377, 0377, 0377, 0377,
X	0377, 0377, 0377, 0377, 0377, 0377, 0377, 0365, 0337, 0377,
X	0377, 0377, 0377, 0377, 0377, 0377, 0377, 0377, 0377, 0377,
X	0377, 0377, 0335, 0177, 0377, 0377, 0377, 0377, 0377, 0377,
X	0377, 0377, 0377, 0377, 0377, 0377, 0377, 0377, 0377, 0377,
X	0377, 0377, 0377, 0377, 0377, 0377, 0377, 0377, 0377, 0377,
X	0377, 0377, 0377, 0377, 0377, 0327, 0177, 0377, 0377, 0377,
X	0377, 0377, 0377, 0377, 0377, 0377, 0377, 0377, 0377, 0377,
X	0367, 0137, 0377, 0377, 0377, 0377, 0377, 0377, 0377, 0377,
X	0377, 0377, 0377, 0377, 0377, 0377, 0377, 0377, 0377, 0377,
X	0377, 0377, 0377, 0377, 0377, 0377, 0377, 0377, 0377, 0377,
X	0377, 0377, 0377, 0337, 0377, 0377, 0377, 0377, 0377, 0377,
X	0377, 0377, 0377, 0377, 0377, 0377, 0377, 0377, 0377, 0327,
X	0377, 0377, 0377, 0377, 0377, 0377, 0377, 0377, 0377, 0377,
X	0377, 0377, 0377, 0377, 0377, 0377, 0377, 0377, 0377, 0377,
X	0377, 0377, 0377, 0377, 0377, 0377, 0377, 0377, 0377, 0377,
X	0375, 0167, 0377, 0377, 0377, 0377, 0377, 0377, 0377, 0377,
X	0377, 0377, 0377, 0377, 0377, 0377, 0377, 0165, 0377, 0377,
X	0377, 0377, 0377, 0377, 0377, 0377, 0377, 0377, 0377, 0377,
X	0377, 0377, 0377, 0377, 0377, 0377, 0377, 0377, 0377, 0377,
X	0377, 0377, 0377, 0377, 0377, 0377, 0377, 0377, 0365, 0377,
X	0377, 0377, 0377, 0377, 0377, 0377, 0377, 0377, 0377, 0377,
X	0377, 0377, 0377, 0377, 0377, 0375, 0177, 0377, 0377, 0377,
X	0377, 0377, 0377, 0377, 0377, 0377, 0377, 0377, 0377, 0377,
X	0377, 0377, 0377, 0377, 0377, 0377, 0377, 0377, 0377, 0377,
X	0377, 0377, 0377, 0377, 0377, 0377, 0327, 0377, 0377, 0377,
X	0377, 0377, 0377, 0377, 0377, 0377, 0377, 0377, 0377, 0377,
X	0377, 0377, 0377, 0367, 0137, 0377, 0377, 0377, 0377, 0377,
X	0377, 0377, 0377, 0377, 0377, 0377, 0377, 0377, 0377, 0377,
X	0377, 0377, 0377, 0377, 0377, 0377, 0377, 0377, 0377, 0377,
X	0377, 0377, 0377, 0377, 0337, 0377, 0377, 0377, 0377, 0377,
X	0377, 0377, 0377, 0377, 0377, 0377, 0377, 0377, 0377, 0377,
X	0377, 0377, 0337, 0377, 0377, 0377, 0377, 0377, 0377, 0377,
X	0377, 0377, 0377, 0377, 0377, 0377, 0377, 0377, 0377, 0377,
X	0377, 0377, 0377, 0377, 0377, 0377, 0377, 0377, 0377, 0377,
X	0377, 0377, 0177, 0377, 0377, 0377, 0377, 0377, 0377, 0377,
X	0377, 0377, 0377, 0377, 0377, 0377, 0377, 0377, 0377, 0377,
X	0167, 0377, 0377, 0377, 0377, 0377, 0377, 0377, 0377, 0377,
X	0377, 0377, 0377, 0377, 0377, 0377, 0377, 0377, 0377, 0377,
X	0377, 0377, 0377, 0377, 0377, 0377, 0377, 0377, 0377, 0375,
X	0377, 0377, 0377, 0377, 0377, 0377, 0377, 0377, 0377, 0377,
X	0377, 0377, 0377, 0377, 0377, 0377, 0377, 0377, 0375, 0377,
X	0377, 0377, 0377, 0377, 0377, 0377, 0377, 0377, 0377, 0377,
X	0377, 0377, 0377, 0377, 0377, 0377, 0377, 0377, 0377, 0377,
X	0377, 0377, 0377, 0377, 0377, 0377, 0377, 0377, 0377, 0377,
X	0377, 0377, 0377, 0377, 0377, 0377, 0377, 0377, 0377, 0377,
X	0377, 0377, 0377, 0377, 0377, 0377, 0367, 0377, 0377, 0377,
X	0377, 0377, 0377, 0377, 0377, 0377, 0377, 0377, 0377, 0377,
X	0377, 0377, 0377, 0377, 0377, 0377, 0377, 0377, 0377, 0377,
X	0377, 0377, 0377, 0377, 0377, 0377, 0377, 0377, 0377, 0377,
X	0377, 0377, 0377, 0377, 0377, 0377, 0377, 0377, 0377, 0377,
X	0377, 0377, 0377, 0377, 0377, 0377, 0377, 0377, 0377, 0377,
X	0377, 0377, 0377, 0377, 0377, 0377, 0377, 0377, 0377, 0377,
X	0377, 0377, 0377, 0377, 0377, 0377, 0377, 0377, 0377, 0377,
X	0377, 0377, 0377, 0367, 0377, 0377, 0377, 0377, 0377, 0377,
X	0377, 0377, 0377, 0377, 0377, 0377, 0377, 0377, 0377, 0377,
X	0377, 0377, 0377, 0177, 0377, 0377, 0377, 0377, 0377, 0377,
X	0377, 0377, 0377, 0377, 0377, 0377, 0377, 0377, 0377, 0377,
X	0377, 0377, 0377, 0377, 0377, 0377, 0377, 0377, 0377, 0377,
X	0377, 0337, 0377, 0377, 0377, 0377, 0377, 0377, 0377, 0377,
X	0377, 0377, 0377, 0377, 0377, 0377, 0377, 0377, 0377, 0377,
X	0377, 0337, 0377, 0377, 0377, 0377, 0377, 0377, 0377, 0377,
X	0377, 0377, 0377, 0377, 0377, 0377, 0377, 0377, 0377, 0377,
X	0377, 0377, 0377, 0377, 0377, 0377, 0377, 0377, 0377, 0377,
X	0377, 0377, 0377, 0377, 0377, 0377, 0377, 0377, 0377, 0377,
X	0377, 0377, 0377, 0377, 0377, 0377, 0377, 0377, 0377, 0377,
X	0377, 0377, 0377, 0377, 0377, 0377, 0377, 0377, 0377, 0377,
X	0377, 0377, 0377, 0377, 0377, 0377, 0377, 0377, 0377, 0377,
X	0377, 0377, 0377, 0377, 0377, 0377, 0377, 0377, 0377, 0377,
X	0377, 0377, 0377, 0377, 0377, 0377, 0377, 0377, 0377, 0377,
X	0377, 0377, 0377, 0377, 0377, 0377, 0377, 0377, 0377, 0377,
X	0377, 0377, 0377, 0377, 0377, 0377, 0377, 0377, 0377, 0377,
X	0377, 0377, 0377, 0377, 0377, 0377, 0377, 0377, 0377, 0377,
X	0377, 0377, 0377, 0377, 0377, 0177, 0377, 0377, 0377, 0377,
X	0377, 0377, 0377, 0377, 0377, 0377, 0377, 0377, 0377, 0377,
X	0377, 0377, 0377, 0377, 0377, 0367, 0377, 0377, 0377, 0377,
X	0377, 0377, 0377, 0377, 0377, 0377, 0377, 0377, 0377, 0377,
X	0377, 0377, 0377, 0377, 0377, 0377, 0377, 0377, 0377, 0377,
X	0377, 0377, 0375, 0377, 0377, 0377, 0377, 0377, 0377, 0377,
X	0377, 0377, 0377, 0377, 0377, 0377, 0377, 0377, 0377, 0377,
X	0377, 0377, 0377, 0375, 0377, 0377, 0377, 0377, 0377, 0377,
X	0377, 0377, 0377, 0377, 0377, 0377, 0377, 0377, 0377, 0377,
X	0377, 0377, 0377, 0377, 0377, 0377, 0377, 0377, 0377, 0377,
X	0377, 0377, 0377, 0377, 0377, 0377, 0377, 0377, 0377, 0377,
X	0377, 0377, 0377, 0377, 0377, 0377, 0377, 0377, 0377, 0377,
X	0377, 0377, 0377, 0377, 0377, 0377, 0377, 0377, 0377, 0377,
X	0377, 0377, 0377, 0377, 0377, 0377, 0377, 0377, 0377, 0377,
X	0377, 0377, 0377, 0377, 0377, 0377, 0377, 0377, 0377, 0377,
X	0377, 0377, 0377, 0377, 0377, 0377, 0377, 0377, 0377, 0377,
X	0377, 0377, 0377, 0377, 0377, 0377, 0377, 0377, 0377, 0377,
X	0377, 0377, 0377, 0377, 0377, 0377, 0377, 0377, 0377, 0377,
X	0377, 0377, 0377, 0377, 0377, 0377, 0377, 0377, 0377, 0377,
X	0377, 0377, 0377, 0377, 0377, 0377, 0367, 0377, 0377, 0377,
X	0377, 0377, 0377, 0377, 0377, 0377, 0377, 0377, 0377, 0377,
X	0377, 0377, 0377, 0377, 0377, 0377, 0377, 0377, 0177, 0377,
X	0377, 0377, 0377, 0377, 0377, 0377, 0377, 0377, 0377, 0377,
X	0377, 0377, 0377, 0377, 0377, 0377, 0377, 0377, 0377, 0377,
X	0377, 0377, 0377, 0377, 0377, 0377, 0377, 0377, 0377, 0377,
X	0377, 0377, 0377, 0377, 0377, 0377, 0377, 0377, 0377, 0377,
X	0377, 0377, 0377, 0377, 0377, 0377, 0377, 0377, 0377, 0377,
X	0377, 0377, 0377, 0377, 0377, 0377, 0377, 0377, 0377, 0377,
X	0377, 0377, 0377, 0377, 0377, 0377, 0377, 0377, 0377, 0377,
X	0377, 0377, 0377, 0377, 0377, 0377, 0377, 0377, 0377, 0377,
X	0377, 0377, 0377, 0377, 0377, 0377, 0377, 0377, 0377, 0377,
X	0377, 0377, 0377, 0377, 0377, 0377, 0377, 0377, 0377, 0377,
X	0377, 0377, 0377, 0377, 0377, 0377, 0377, 0377, 0377, 0377,
X	0377, 0377, 0377, 0377, 0377, 0377, 0377, 0377, 0377, 0377,
X	0377, 0377, 0377, 0377, 0377, 0377, 0377, 0377, 0377, 0377,
X	0377, 0377, 0377, 0377, 0377, 0377, 0377, 0377, 0377, 0377,
X	0377, 0377, 0377, 0377, 0377, 0377, 0377, 0377, 0377, 0377,
X	0377, 0377, 0377, 0377, 0377, 0377, 0377, 0377, 0377, 0377,
X	0377, 0377, 0377, 0377, 0377, 0377, 0377, 0377, 0377, 0377,
X	0377, 0377, 0377, 0377, 0377, 0377, 0377, 0377, 0377, 0377,
X	0377, 0377, 0377, 0377, 0377, 0377, 0377, 0377, 0377, 0377,
X	0377, 0377, 0377, 0377, 0377, 0377, 0377, 0377, 0377, 0377,
X	0377, 0377, 0377, 0377, 0377, 0377, 0377, 0377, 0377, 0377,
X	0377, 0377, 0377, 0377, 0377, 0377, 0377, 0377, 0377, 0377,
X	0377, 0377, 0377, 0377, 0377, 0377, 0377, 0377, 0377, 0377,
X	0377, 0377, 0377, 0377, 0377, 0377, 0377, 0377, 0377, 0377,
X	0377, 0377, 0377, 0377, 0377, 0377, 0377, 0377, 0377, 0377,
X	0377, 0377, 0377, 0377, 0377, 0377, 0377, 0377, 0377, 0377,
X	0377, 0377, 0377, 0377, 0377, 0377, 0377, 0377, 0377, 0377,
X	0377, 0377, 0377, 0377, 0377, 0377, 0377, 0377, 0377, 0377,
X	0377, 0377, 0377, 0377, 0377, 0377, 0377, 0377, 0377, 0377,
X	0377, 0377, 0377, 0377, 0377, 0377, 0377, 0377, 0377, 0377,
X	0377, 0377, 0377, 0377, 0377, 0377, 0377, 0377, 0377, 0377,
X	0377, 0377, 0377, 0377, 0377, 0377, 0377, 0377, 0377, 0377,
X	0377, 0377, 0377, 0377, 0377, 0377, 0377, 0377, 0377, 0377,
X	0377, 0377, 0377, 0377, 0377, 0377, 0377, 0377, 0377, 0377,
X	0377, 0377, 0377, 0377, 0377, 0377, 0377, 0377, 0377, 0377,
X	0377, 0377, 0377, 0377, 0377, 0377, 0377, 0377, 0377, 0377,
X	0377, 0377, 0377, 0377, 0377, 0377, 0377, 0377, 0377, 0377,
X	0377, 0377, 0377, 0377, 0377, 0377, 0377, 0377, 0377, 0377,
X	0377, 0377, 0377, 0377, 0377, 0377, 0377, 0377, 0377, 0377,
X	0377, 0377, 0377, 0377, 0377, 0377, 0377, 0377, 0377, 0377,
X	0377, 0377, 0377, 0377, 0377, 0377, 0377, 0377, 0377, 0377,
X	0377, 0377, 0377, 0377, 0377, 0377, 0377, 0377, 0377, 0377,
X	0377, 0377, 0377, 0377, 0377, 0377, 0377, 0377, 0377, 0377,
X	0377, 0377, 0377, 0377, 0377, 0377, 0377, 0377, 0377, 0377,
X	0377, 0377, 0377, 0377, 0377, 0377, 0377, 0377, 0377, 0377,
X	0377, 0377, 0377, 0377, 0377, 0377, 0377, 0377, 0377, 0377,
X	0377, 0377, 0377, 0377, 0377, 0377, 0377, 0377, 0377, 0377,
X	0377, 0377, 0377, 0377, 0377, 0377, 0377, 0377, 0377, 0377,
X	0377, 0377, 0377, 0377, 0377, 0377, 0377, 0377, 0377, 0377,
X	0377, 0377, 0377, 0377, 0377, 0377, 0377, 0377, 0377, 0377,
X	0377, 0377, 0377, 0377, 0377, 0377, 0377, 0377, 0377, 0377,
X	0377, 0377, 0377, 0377, 0377, 0377, 0377, 0377, 0377, 0377,
X	0377, 0377, 0377, 0377, 0377, 0377, 0377, 0377, 0377, 0377,
X	0377, 0377, 0377, 0377, 0377, 0377, 0377, 0377, 0377, 0377,
X	0377, 0377, 0377, 0377, 0377, 0377, 0377, 0377, 0377, 0377,
X	0377, 0377, 0377, 0377, 0377, 0377, 0377, 0377, 0377, 0377,
X	0377, 0377, 0377, 0377, 0377, 0377, 0377, 0377, 0377, 0377,
X	0377, 0377, 0377, 0377, 0377, 0377, 0377, 0377, 0377, 0377,
X	0377, 0377, 0377, 0377, 0377, 0377, 0377, 0377, 0377, 0377,
X	0377, 0377, 0377, 0377, 0377, 0377, 0377, 0377, 0377, 0377,
X	0377, 0377, 0377, 0377, 0377, 0377, 0377, 0377, 0377, 0377,
X	0377, 0377, 0377, 0377, 0377, 0377, 0377, 0377, 0377, 0377,
X	0377, 0377, 0377, 0377, 0377, 0377, 0377, 0377, 0377, 0377,
X	0377, 0377, 0377, 0377, 0377, 0377, 0377, 0377, 0377, 0377,
X	0377, 0377, 0377, 0377, 0377, 0377, 0377, 0377, 0377, 0377,
X	0377, 0377, 0377, 0377, 0377, 0377, 0377, 0377, 0377, 0377,
X	0377, 0377, 0377, 0377, 0377, 0377, 0377, 0377, 0377, 0377,
X	0377, 0377, 0377, 0377, 0377, 0377, 0377, 0377, 0377, 0377,
X	0377, 0377, 0377, 0377, 0377, 0377, 0377, 0377, 0377, 0377,
X	0377, 0377, 0377, 0377, 0377, 0377, 0377, 0377, 0377, 0377,
X	0377, 0377, 0377, 0377, 0377, 0377, 0377, 0377, 0377, 0377,
X	0377, 0377, 0377, 0377, 0377, 0377, 0377, 0377, 0377, 0377,
X	0377, 0377, 0377, 0377, 0377, 0377, 0377, 0377, 0377, 0377,
X	0377, 0377, 0377, 0377, 0377, 0377, 0377, 0377, 0377, 0377,
X	0377, 0377, 0377, 0377, 0377, 0377, 0377, 0377, 0377, 0377,
X	0377, 0377, 0377, 0377, 0377, 0377, 0377, 0377, 0377, 0377,
X	0377, 0377, 0377, 0377, 0377, 0377, 0377, 0377, 0377, 0377,
X	0377, 0377, 0377, 0377, 0377, 0377, 0377, 0377, 0377, 0377,
X	0377, 0377, 0377, 0377, 0377, 0377, 0377, 0377, 0377, 0377,
X	0377, 0377, 0377, 0377, 0377, 0377, 0377, 0377, 0377, 0377,
X	0377, 0377, 0377, 0377, 0377, 0377, 0377, 0377, 0377, 0377,
X	0377, 0377, 0377, 0377, 0377, 0377, 0377, 0377, 0377, 0377,
X	0377, 0377, 0377, 0377, 0377, 0377, 0377, 0377, 0377, 0377,
X	0377, 0377, 0377, 0377, 0377, 0377, 0377, 0377, 0377, 0377,
X	0377, 0377, 0377, 0377, 0377, 0377, 0377, 0377, 0377, 0377,
X	0377, 0377, 0377, 0377, 0377, 0377, 0377, 0377, 0377, 0377,
X	0377, 0377, 0377, 0377, 0377, 0377, 0377, 0377, 0377, 0377,
X	0377, 0377, 0377, 0377, 0377, 0377, 0377, 0377, 0377, 0377,
X	0377, 0377, 0377, 0377, 0377, 0377, 0377, 0377, 0377, 0377,
X	0377, 0377, 0377, 0377, 0377, 0377, 0377, 0377, 0377, 0377,
X	0377, 0377, 0377, 0377, 0377, 0377, 0377, 0377, 0377, 0377,
X	0377, 0377, 0377, 0377, 0377, 0377, 0377, 0377, 0377, 0377,
X	0377, 0377, 0377, 0377, 0377, 0377, 0377, 0377, 0377, 0377,
X	0377, 0377, 0377, 0377, 0377, 0377, 0377, 0377, 0377, 0377,
X	0377, 0377, 0377, 0377, 0377, 0377, 0377, 0377, 0377, 0377,
X	0377, 0377, 0377, 0377, 0377, 0377, 0377, 0377, 0377, 0377,
X	0377, 0377, 0377, 0377, 0377, 0377, 0377, 0377, 0377, 0377,
X	0377, 0377, 0377, 0377, 0377, 0377, 0377, 0377, 0377, 0377,
X	0377, 0377, 0377, 0377, 0377, 0377, 0377, 0377, 0377, 0377,
X	0377, 0377, 0377, 0377, 0377, 0377, 0377, 0377, 0377, 0377,
X	0377, 0377, 0377, 0377, 0377, 0377, 0377, 0377, 0377, 0377,
X	0377, 0377, 0377, 0377, 0377, 0377, 0377, 0377, 0377, 0377,
X	0377, 0377, 0377, 0377, 0377, 0377, 0377, 0377, 0377, 0377,
X	0377, 0377, 0377, 0377, 0377, 0377, 0377, 0377, 0377, 0377,
X	0377, 0377, 0377, 0377, 0377, 0377, 0377, 0377, 0377, 0377,
X	0377, 0377, 0377, 0377, 0377, 0377, 0377, 0377, 0377, 0377,
X	0377, 0377, 0377, 0377, 0377, 0377, 0377, 0377, 0377, 0377,
X	0377, 0377, 0377, 0377, 0377, 0377, 0377, 0377, 0377, 0377,
X	0377, 0377, 0377, 0377, 0377, 0377, 0377, 0377, 0377, 0377,
X	0377, 0377, 0377, 0377, 0377, 0377, 0377, 0377, 0377, 0377,
X	0377, 0377, 0377, 0377, 0377, 0377, 0377, 0377, 0377, 0377,
X	0377, 0377, 0377, 0377, 0377, 0377, 0377, 0377, 0377, 0377,
X	0377, 0377, 0377, 0377, 0377, 0377, 0377, 0377, 0377, 0377,
X	0377, 0377, 0377, 0377, 0377, 0377, 0377, 0377, 0377, 0377,
X	0377, 0377, 0377, 0377, 0377, 0377, 0377, 0377, 0377, 0377,
X	0377, 0377, 0377, 0377, 0377, 0377, 0377, 0377, 0377, 0377,
X	0377, 0377, 0377, 0377, 0377, 0377, 0377, 0377, 0377, 0377,
X	0377, 0377, 0377, 0377, 0377, 0377, 0377, 0377, 0377, 0377,
X	0377, 0377, 0377, 0377, 0377, 0377, 0377, 0377, 0377, 0377,
X	0377, 0377, 0377, 0377, 0377, 0377, 0377, 0377, 0377, 0377,
X	0377, 0377, 0377, 0377, 0377, 0377, 0377, 0377, 0377, 0377,
X	0377, 0377, 0377, 0377, 0377, 0377, 0377, 0377, 0377, 0377,
X	0377, 0377, 0377, 0377, 0377, 0377, 0377, 0377, 0377, 0377,
X	0377, 0377, 0377, 0377, 0377, 0377, 0377, 0377, 0377, 0377,
X	0377, 0377, 0377, 0377, 0377, 0377, 0377, 0377, 0377, 0377,
X	0377, 0377, 0377, 0377, 0377, 0377, 0377, 0377, 0377, 0377,
X	0377, 0377, 0377, 0377, 0377, 0377, 0377, 0377, 0377, 0377,
X	0377, 0377, 0377, 0377, 0377, 0377, 0377, 0377, 0377, 0377,
X	0377, 0377, 0377, 0377, 0377, 0377, 0377, 0377, 0377, 0377,
X	0377, 0377, 0377, 0377, 0377, 0377, 0377, 0377, 0377, 0377,
X	0377, 0377, 0377, 0377, 0377, 0377, 0377, 0377, 0377, 0377,
X	0377, 0377, 0377, 0377, 0377, 0377, 0377, 0377, 0377, 0377,
X	0377, 0377, 0377, 0377, 0377, 0377, 0377, 0377, 0377, 0377,
X	0377, 0377, 0377, 0377, 0377, 0377, 0377, 0377, 0377, 0377,
X	0377, 0377, 0377, 0377, 0377, 0377, 0377, 0377, 0377, 0377,
X	0377, 0377, 0377, 0377, 0377, 0377, 0377, 0377, 0377, 0377,
X	0377, 0377, 0377, 0377, 0377, 0377, 0377, 0377, 0377, 0377,
X	0377, 0377, 0377, 0377, 0377, 0377, 0377, 0377, 0377, 0377,
X	0377, 0377, 0377, 0377, 0377, 0377, 0377, 0377, 0377, 0377,
X	0377, 0377, 0377, 0377, 0377, 0377, 0377, 0377, 0377, 0377,
X	0377, 0377, 0377, 0377, 0377, 0377, 0377, 0377, 0377, 0377,
X	0377, 0377, 0377, 0377, 0377, 0377, 0377, 0377, 0377, 0377,
X	0377, 0377, 0377, 0377, 0377, 0377, 0377, 0377, 0377, 0377,
X	0377, 0377, 0377, 0377, 0377, 0377, 0377, 0377, 0377, 0377,
X	0377, 0377, 0377, 0377, 0377, 0377, 0377, 0377, 0377, 0377,
X	0377, 0377, 0377, 0377, 0377, 0377, 0377, 0377, 0377, 0377,
X	0377, 0377, 0377, 0377, 0377, 0377, 0377, 0377, 0377, 0377,
X	0377, 0377, 0377, 0377, 0377, 0377, 0377, 0377, 0377, 0377,
X	0377, 0377, 0377, 0377, 0377, 0377, 0377, 0377, 0377, 0377,
X	0377, 0377, 0377, 0377, 0377, 0377, 0377, 0377, 0377, 0377,
X	0377, 0377, 0377, 0377, 0377, 0377, 0377, 0377, 0377, 0377,
X	0377, 0377, 0377, 0377, 0377, 0377, 0377, 0377, 0377, 0377,
X	0377, 0377, 0377, 0377, 0377, 0377, 0377, 0377, 0377, 0377,
X	0377, 0377, 0377, 0377, 0377, 0377, 0377, 0377, 0377, 0377,
X	0377, 0377, 0377, 0377, 0377, 0377, 0377, 0377, 0377, 0377,
X	0377, 0377, 0377, 0377, 0377, 0377, 0377, 0377, 0377, 0377,
X	0377, 0377, 0377, 0377, 0377, 0377, 0377, 0377, 0377, 0377,
X	0377, 0377, 0377, 0377, 0377, 0377, 0377, 0377, 0377, 0377,
X	0377, 0377, 0377, 0377, 0377, 0377, 0377, 0377, 0377, 0377,
X	0377, 0377, 0377, 0377, 0377, 0377, 0377, 0377, 0377, 0377,
X	0377, 0377, 0377, 0377, 0377, 0377, 0377, 0377, 0377, 0377,
X	0377, 0377, 0377, 0377, 0377, 0377, 0377, 0377, 0377, 0377,
X	0377, 0377, 0377, 0377, 0377, 0377, 0377, 0377, 0377, 0377,
X	0377, 0377, 0377, 0377, 0377, 0377, 0377, 0377, 0377, 0377,
X	0377, 0377, 0377, 0377, 0377, 0377, 0377, 0377, 0377, 0377,
X	0377, 0377, 0377, 0377, 0377, 0377, 0377, 0377, 0377, 0377,
X	0377, 0377, 0377, 0377, 0377, 0377, 0377, 0377, 0377, 0377,
X	0377, 0377, 0377, 0377, 0377, 0377, 0377, 0377, 0377, 0377,
X	0377, 0377, 0377, 0377, 0377, 0377, 0377, 0377, 0377, 0377,
X	0377, 0377, 0377, 0377, 0377, 0377, 0377, 0377, 0377, 0377,
X	0377, 0377, 0377, 0377, 0377, 0377, 0377, 0377, 0377, 0377,
X	0377, 0377, 0377, 0377, 0377, 0377, 0377, 0377, 0377, 0377,
X	0377, 0377, 0377, 0377, 0377, 0377, 0377, 0377, 0377, 0377,
X	0377, 0377, 0377, 0377, 0377, 0377, 0377, 0377, 0377, 0377,
X	0377, 0377, 0377, 0377, 0377, 0377, 0377, 0377, 0377, 0377,
X	0377, 0377, 0377, 0377, 0377, 0377, 0377, 0377, 0377, 0377,
X	0377, 0377, 0377, 0377, 0377, 0377, 0377, 0377, 0377, 0377,
X	0377, 0377, 0377, 0377, 0377, 0377, 0377, 0377, 0377, 0377,
X	0377, 0377, 0377, 0377, 0377, 0377, 0377, 0377, 0377, 0377,
X	0377, 0377, 0377, 0377, 0377, 0377, 0377, 0377, 0377, 0377,
X	0377, 0377, 0377, 0377, 0377, 0377, 0377, 0377, 0377, 0377,
X	0377, 0377, 0377, 0377, 0377, 0377, 0377, 0377, 0377, 0377,
X	0377, 0377, 0377, 0377, 0377, 0377, 0377, 0377, 0377, 0377,
X	0377, 0377, 0377, 0377, 0377, 0377, 0377, 0377, 0377, 0377,
X	0377, 0377, 0377, 0377, 0377, 0377, 0377, 0377, 0377, 0377,
X	0377, 0377, 0377, 0377, 0377, 0377, 0377, 0377, 0377, 0377,
X	0377, 0377, 0377, 0377, 0377, 0377, 0377, 0377, 0377, 0377,
X	0377, 0377, 0377, 0377, 0377, 0377, 0377, 0377, 0377, 0377,
X	0377, 0377, 0377, 0377, 0377, 0377, 0377, 0377, 0377, 0377,
X	0377, 0377, 0377, 0377, 0377, 0377, 0377, 0377, 0377, 0377,
X	0377, 0377, 0377, 0377, 0377, 0377, 0377, 0377, 0377, 0377,
X	0377, 0377, 0377, 0377, 0377, 0377, 0377, 0377, 0377, 0377,
X	0377, 0377, 0377, 0377, 0377, 0377, 0377, 0377, 0377, 0377,
X	0377, 0377, 0377, 0377, 0377, 0377, 0377, 0377, 0377, 0377,
X	0377, 0377, 0377, 0377, 0377, 0377, 0377, 0377, 0377, 0377,
X	0377, 0377, 0377, 0377, 0377, 0377, 0377, 0377, 0377, 0377,
X	0377, 0377, 0377, 0377, 0377, 0377, 0377, 0377, 0377, 0377,
X	0377, 0377, 0377, 0377, 0377, 0377, 0377, 0377, 0377, 0377,
X	0377, 0377, 0377, 0377, 0377, 0377, 0377, 0377, 0377, 0377,
X	0377, 0377, 0377, 0377, 0377, 0377, 0377, 0377, 0377, 0377,
X	0377, 0377, 0377, 0377, 0377, 0377, 0377, 0377, 0377, 0377,
X	0377, 0377, 0377, 0377, 0377, 0377, 0377, 0377, 0377, 0377,
X	0377, 0377, 0377, 0377, 0377, 0377, 0377, 0377, 0377, 0377,
X	0377, 0377, 0377, 0377, 0377, 0377, 0377, 0377, 0377, 0377,
X	0377, 0377, 0377, 0377, 0377, 0377, 0377, 0377, 0377, 0377,
X	0377, 0377, 0377, 0377, 0377, 0377, 0377, 0377, 0377, 0377,
X	0377, 0377, 0377, 0377, 0377, 0377, 0377, 0377, 0377, 0377,
X	0377, 0377, 0377, 0377, 0377, 0377, 0377, 0377, 0377, 0377,
X	0377, 0377, 0377, 0377, 0377, 0377, 0377, 0377, 0377, 0377,
X	0377, 0377, 0377, 0377, 0377, 0377, 0377, 0377, 0377, 0377,
X	0377, 0377, 0377, 0377, 0377, 0377, 0377, 0377, 0377, 0377,
X	0377, 0377, 0377, 0377, 0377, 0377, 0377, 0377, 0377, 0377,
X	0377, 0377, 0377, 0377, 0377, 0377, 0377, 0377, 0377, 0377,
X	0377, 0377, 0377, 0377, 0377, 0377, 0377, 0377, 0377, 0377,
X	0377, 0377, 0377, 0377, 0377, 0377, 0377, 0377, 0377, 0377,
X	0377, 0377, 0377, 0377, 0377, 0377, 0377, 0377, 0377, 0377,
X	0377, 0377, 0377, 0377, 0377, 0377, 0377, 0377, 0377, 0377,
X	0377, 0377, 0377, 0377, 0377, 0377, 0377, 0377, 0377, 0377,
X	0377, 0377, 0377, 0377, 0377, 0377, 0377, 0377, 0377, 0377,
X	0377, 0377, 0377, 0377, 0377, 0377, 0377, 0377, 0377, 0377,
X	0377, 0377, 0377, 0377, 0377, 0377, 0377, 0377, 0377, 0377,
X	0377, 0377, 0377, 0377, 0377, 0377, 0377, 0377, 0377, 0377,
X	0377, 0377, 0377, 0377, 0377, 0377, 0377, 0377, 0377, 0377,
X	0377, 0377, 0377, 0377, 0377, 0377, 0377, 0377, 0377, 0377,
X	0377, 0377, 0377, 0377, 0377, 0377, 0377, 0377, 0377, 0377,
X	0377, 0377, 0377, 0377, 0377, 0377, 0377, 0377, 0377, 0377,
X	0377, 0377, 0377, 0377, 0377, 0377, 0377, 0377, 0377, 0377,
X	0377, 0377, 0377, 0377, 0377, 0377, 0377, 0377, 0377, 0377,
X	0377, 0377, 0377, 0377, 0377, 0377, 0377, 0377, 0377, 0377,
X	0377, 0377, 0377, 0377, 0377, 0377, 0377, 0377, 0377, 0377,
X	0377, 0377, 0377, 0377, 0377, 0377, 0377, 0377, 0377, 0377,
X	0377, 0377, 0377, 0377, 0377, 0377, 0377, 0377, 0377, 0377,
X	0377, 0377, 0377, 0377, 0377, 0377, 0377, 0377, 0377, 0377,
X	0377, 0377, 0377, 0377, 0377, 0377, 0377, 0377, 0377, 0377,
X	0377, 0377, 0377, 0377, 0377, 0377, 0377, 0377, 0377, 0377,
X	0377, 0377, 0377, 0377, 0377, 0377, 0377, 0377, 0377, 0377,
X	0377, 0377, 0377, 0377, 0377, 0377, 0377, 0377, 0377, 0377,
X	0377, 0377, 0377, 0377, 0377, 0377, 0377, 0377, 0377, 0377,
X	0377, 0377, 0377, 0377, 0377, 0377, 0377, 0377, 0377, 0377,
X	0377, 0377, 0377, 0377, 0377, 0377, 0377, 0377, 0377, 0377,
X	0377, 0377, 0377, 0377, 0377, 0377, 0377, 0377, 0377, 0377,
X	0377, 0377, 0377, 0377, 0377, 0377, 0377, 0377, 0377, 0377,
X	0377, 0377, 0377, 0377, 0377, 0377, 0377, 0377, 0377, 0377,
X	0377, 0377, 0377, 0377, 0377, 0377, 0377, 0377, 0377, 0377,
X	0377, 0377, 0377, 0377, 0377, 0377, 0377, 0377, 0377, 0377,
X	0377, 0377, 0377, 0377, 0377, 0377, 0377, 0377, 0377, 0377,
X	0377, 0377, 0377, 0377, 0377, 0377, 0377, 0377, 0377, 0377,
X	0377, 0377, 0377, 0377, 0377, 0377, 0377, 0377, 0377, 0377,
X	0377, 0377, 0377, 0377, 0377, 0377, 0377, 0377, 0377, 0377,
X	0377, 0377, 0377, 0377, 0377, 0377, 0377, 0377, 0377, 0377,
X	0377, 0377, 0377, 0377, 0377, 0377, 0377, 0377, 0377, 0377,
X	0377, 0377, 0377, 0377, 0377, 0377, 0377, 0377, 0377, 0377,
X	0377, 0377, 0377, 0377, 0377, 0377, 0377, 0377, 0377, 0377,
X	0377, 0377, 0377, 0377, 0377, 0377, 0377, 0377, 0377, 0377,
X	0377, 0377, 0377, 0377, 0377, 0377, 0377, 0377, 0377, 0377,
X	0377, 0377, 0377, 0377, 0377, 0377, 0377, 0377, 0377, 0377,
X	0377, 0377, 0377, 0377, 0377, 0377, 0377, 0377, 0377, 0377,
X	0377, 0377, 0377, 0377, 0377, 0377, 0377, 0377, 0377, 0377,
X	0377, 0377, 0377, 0377, 0377, 0377, 0377, 0377, 0377, 0377,
X	0377, 0377, 0377, 0377, 0377, 0377, 0377, 0377, 0377, 0377,
X	0377, 0377, 0377, 0377, 0377, 0377, 0377, 0377, 0377, 0377,
X	0377, 0377, 0377, 0377, 0377, 0377, 0377, 0377, 0377, 0377,
X	0377, 0377, 0377, 0377, 0377, 0377, 0377, 0377, 0377, 0377,
X	0377, 0377, 0377, 0377, 0377, 0377, 0377, 0377, 0377, 0377,
X	0377, 0377, 0377, 0377, 0377, 0377, 0377, 0377, 0377, 0377,
X	0377, 0377, 0377, 0377, 0377, 0377, 0377, 0377, 0377, 0377,
X	0377, 0377, 0377, 0377, 0377, 0377, 0377, 0377, 0377, 0377,
X	0377, 0377, 0377, 0377, 0377, 0377, 0377, 0377, 0377, 0377,
X	0377, 0377, 0377, 0377, 0377, 0377, 0377, 0377, 0377, 0377,
X	0377, 0377, 0377, 0377, 0377, 0377, 0377, 0377, 0377, 0377,
X	0377, 0377, 0377, 0377, 0377, 0377, 0377, 0377, 0377, 0377,
X	0377, 0377, 0377, 0377, 0377, 0377, 0377, 0377, 0377, 0377,
X	0377, 0377, 0377, 0377, 0377, 0377, 0377, 0377, 0377, 0377,
X	0377, 0377, 0377, 0377, 0377, 0377, 0377, 0377, 0377, 0377,
X	0377, 0377, 0377, 0377, 0377, 0377, 0377, 0377, 0377, 0377,
X	0377, 0377, 0377, 0377, 0377, 0377, 0377, 0377, 0377, 0377,
X	0377, 0377, 0377, 0377, 0377, 0377, 0377, 0377, 0377, 0377,
X	0377, 0377, 0377, 0377, 0377, 0377, 0377, 0377, 0377, 0377,
X	0377, 0377, 0377, 0377, 0000, 0000, 0000, 0000, 0000, 0000,
X	0000, 0000, 0000, 0000, 0000, 0000, 0000, 0000, 0000, 0000,
X	0000, 0000, 0000, 0000, 0000, 0000, 0007, 0377, 
X	};
X/* bitmap for lb_5 */
X
X/* bitmap data */
X
Xstatic char lb_5_bits[] = {
X	0377, 0377, 0377, 0377, 0377, 0377, 0377, 0377, 0377, 0377,
X	0377, 0337, 0377, 0377, 0377, 0377, 0377, 0377, 0377, 0377,
X	0377, 0377, 0377, 0377, 0377, 0377, 0377, 0377, 0377, 0377,
X	0377, 0377, 0377, 0372, 0252, 0253, 0253, 0377, 0377, 0377,
X	0377, 0377, 0377, 0377, 0377, 0377, 0377, 0377, 0377, 0377,
X	0377, 0377, 0377, 0377, 0377, 0377, 0377, 0125, 0125, 0125,
X	0125, 0127, 0377, 0377, 0377, 0377, 0377, 0377, 0377, 0377,
X	0377, 0377, 0377, 0377, 0377, 0377, 0377, 0377, 0377, 0377,
X	0352, 0256, 0356, 0357, 0377, 0377, 0377, 0377, 0377, 0377,
X	0377, 0377, 0377, 0377, 0377, 0377, 0377, 0377, 0377, 0377,
X	0377, 0377, 0377, 0377, 0021, 0125, 0125, 0125, 0125, 0125,
X	0127, 0377, 0377, 0377, 0377, 0377, 0377, 0377, 0377, 0377,
X	0377, 0377, 0377, 0377, 0377, 0377, 0377, 0372, 0252, 0273,
X	0273, 0377, 0377, 0377, 0377, 0377, 0377, 0377, 0377, 0377,
X	0377, 0377, 0377, 0377, 0377, 0377, 0377, 0377, 0377, 0377,
X	0377, 0305, 0125, 0125, 0125, 0125, 0335, 0335, 0335, 0337,
X	0377, 0377, 0377, 0377, 0377, 0377, 0377, 0377, 0377, 0377,
X	0377, 0377, 0377, 0377, 0377, 0252, 0356, 0377, 0377, 0377,
X	0377, 0377, 0377, 0377, 0377, 0377, 0377, 0377, 0377, 0377,
X	0377, 0377, 0377, 0377, 0377, 0377, 0377, 0377, 0371, 0025,
X	0125, 0125, 0125, 0125, 0127, 0127, 0167, 0165, 0377, 0377,
X	0377, 0377, 0377, 0377, 0377, 0377, 0377, 0377, 0377, 0377,
X	0377, 0377, 0352, 0252, 0253, 0273, 0277, 0377, 0377, 0377,
X	0377, 0377, 0377, 0377, 0377, 0377, 0377, 0377, 0377, 0377,
X	0377, 0377, 0377, 0377, 0377, 0377, 0205, 0125, 0125, 0125,
X	0135, 0135, 0335, 0337, 0337, 0377, 0337, 0377, 0377, 0377,
X	0377, 0377, 0377, 0377, 0377, 0377, 0377, 0377, 0377, 0376,
X	0252, 0256, 0357, 0377, 0377, 0377, 0377, 0377, 0377, 0377,
X	0377, 0377, 0377, 0377, 0377, 0377, 0377, 0377, 0377, 0377,
X	0377, 0377, 0377, 0374, 0021, 0125, 0125, 0125, 0125, 0167,
X	0167, 0167, 0367, 0377, 0367, 0377, 0377, 0377, 0377, 0377,
X	0377, 0377, 0377, 0377, 0377, 0377, 0377, 0372, 0252, 0273,
X	0273, 0377, 0377, 0377, 0377, 0377, 0377, 0377, 0377, 0377,
X	0377, 0377, 0377, 0377, 0377, 0377, 0377, 0377, 0377, 0377,
X	0377, 0305, 0125, 0125, 0125, 0125, 0335, 0375, 0377, 0377,
X	0377, 0377, 0377, 0377, 0377, 0377, 0377, 0377, 0377, 0377,
X	0377, 0377, 0377, 0377, 0377, 0252, 0256, 0357, 0377, 0377,
X	0377, 0377, 0377, 0377, 0377, 0377, 0377, 0377, 0377, 0377,
X	0377, 0377, 0377, 0377, 0377, 0377, 0377, 0377, 0376, 0021,
X	0125, 0125, 0125, 0125, 0127, 0167, 0177, 0377, 0377, 0377,
X	0377, 0377, 0377, 0377, 0377, 0377, 0377, 0377, 0377, 0377,
X	0377, 0377, 0376, 0252, 0253, 0273, 0277, 0377, 0377, 0377,
X	0377, 0377, 0377, 0377, 0377, 0377, 0377, 0377, 0377, 0377,
X	0377, 0377, 0377, 0377, 0377, 0377, 0364, 0125, 0125, 0125,
X	0125, 0335, 0337, 0377, 0377, 0377, 0377, 0377, 0377, 0377,
X	0377, 0377, 0377, 0377, 0377, 0377, 0377, 0377, 0377, 0377,
X	0352, 0252, 0356, 0377, 0377, 0377, 0377, 0377, 0377, 0377,
X	0377, 0377, 0377, 0377, 0377, 0377, 0377, 0377, 0377, 0377,
X	0377, 0377, 0377, 0377, 0301, 0125, 0125, 0125, 0125, 0167,
X	0167, 0377, 0377, 0377, 0377, 0377, 0377, 0377, 0377, 0377,
X	0377, 0377, 0377, 0377, 0377, 0377, 0377, 0377, 0252, 0252,
X	0273, 0377, 0377, 0377, 0377, 0377, 0377, 0377, 0377, 0377,
X	0377, 0377, 0377, 0377, 0377, 0377, 0377, 0377, 0377, 0377,
X	0377, 0377, 0105, 0125, 0125, 0125, 0335, 0337, 0377, 0377,
X	0377, 0377, 0377, 0377, 0377, 0377, 0377, 0377, 0377, 0377,
X	0377, 0377, 0377, 0377, 0377, 0376, 0252, 0356, 0377, 0377,
X	0377, 0377, 0377, 0377, 0377, 0377, 0377, 0377, 0377, 0377,
X	0377, 0377, 0377, 0377, 0377, 0377, 0377, 0377, 0377, 0370,
X	0025, 0125, 0125, 0125, 0127, 0167, 0177, 0377, 0377, 0377,
X	0377, 0377, 0377, 0377, 0377, 0377, 0377, 0377, 0377, 0377,
X	0377, 0377, 0377, 0372, 0252, 0253, 0277, 0377, 0377, 0377,
END_OF_FILE
# end of 'src/copyright.h.4'
fi
echo shar: End of archive 56 \(of 61\).
cp /dev/null ark56isdone
MISSING=""
for I in 1 2 3 4 5 6 7 8 9 10 11 12 13 14 15 16 17 18 19 20 \
	21 22 23 24 25 26 27 28 29 30 31 32 33 34 35 36 37 \
	38 39 40 41 42 43 44 45 46 47 48 49 50 51 52 53 54 \
	55 56 57 58 59 60 61 ; do
    if test ! -f ark${I}isdone ; then
	MISSING="${MISSING} ${I}"
    fi
done
if test "${MISSING}" = "" ; then
    echo You have unpacked all 61 archives.
    rm -f ark[1-9]isdone ark[1-9][0-9]isdone
else
    echo You still need to unpack the following archives:
    echo "        " ${MISSING}
fi
##  End of shell archive.
exit 0
