Subject:  v17i058:  MGR, Bellcore window manager, Part57/61
Newsgroups: comp.sources.unix
Approved: rsalz@uunet.UU.NET

Submitted-by: Stephen A. Uhler <sau@bellcore.com>
Posting-number: Volume 17, Issue 58
Archive-name: mgr/part57




#! /bin/sh
# This is a shell archive.  Remove anything before this line, then unpack
# it by saving it into a file and typing "sh file".  To overwrite existing
# files, type "sh file -c".  You can also feed this as standard input via
# unshar, or by typing "sh <file", e.g..  If this archive is complete, you
# will see the following message at the end:
#		"End of archive 57 (of 61)."
# Contents:  src/copyright.h.3
# Wrapped by rsalz@papaya.bbn.com on Thu Nov 17 21:06:04 1988
PATH=/bin:/usr/bin:/usr/ucb ; export PATH
if test -f 'src/copyright.h.3' -a "${1}" != "-c" ; then 
  echo shar: Will not clobber existing file \"'src/copyright.h.3'\"
else
echo shar: Extracting \"'src/copyright.h.3'\" \(42094 characters\)
sed "s/^X//" >'src/copyright.h.3' <<'END_OF_FILE'
X	0377, 0377, 0377, 0377, 0377, 0377, 0377, 0377, 0377, 0377,
X	0377, 0377, 0377, 0377, 0000, 0000, 0000, 0000, 0000, 0000,
X	0000, 0000, 0000, 0000, 0000, 0000, 0000, 0000, 0000, 0000,
X	0000, 0000, 0000, 0000, 0000, 0000, 0007, 0377, 
X	};
X/* bitmap for lb_2 */
X
X/* bitmap data */
X
Xstatic char lb_2_bits[] = {
X	0377, 0377, 0377, 0377, 0377, 0377, 0377, 0377, 0377, 0377,
X	0377, 0337, 0377, 0377, 0377, 0377, 0377, 0377, 0377, 0377,
X	0377, 0377, 0377, 0377, 0377, 0377, 0377, 0377, 0377, 0377,
X	0377, 0377, 0377, 0373, 0252, 0252, 0252, 0377, 0377, 0377,
X	0377, 0377, 0377, 0377, 0377, 0377, 0377, 0377, 0377, 0377,
X	0377, 0377, 0377, 0377, 0377, 0377, 0377, 0125, 0125, 0125,
X	0104, 0107, 0377, 0377, 0377, 0377, 0377, 0377, 0377, 0377,
X	0377, 0377, 0377, 0377, 0377, 0377, 0377, 0377, 0377, 0377,
X	0377, 0356, 0356, 0252, 0252, 0252, 0277, 0377, 0377, 0377,
X	0377, 0377, 0377, 0377, 0377, 0377, 0377, 0377, 0377, 0377,
X	0377, 0377, 0377, 0377, 0125, 0125, 0125, 0125, 0021, 0020,
X	0007, 0377, 0377, 0377, 0377, 0377, 0377, 0377, 0377, 0377,
X	0377, 0377, 0377, 0377, 0377, 0377, 0377, 0377, 0373, 0273,
X	0272, 0252, 0252, 0252, 0252, 0377, 0377, 0377, 0377, 0377,
X	0377, 0377, 0377, 0377, 0377, 0377, 0377, 0377, 0377, 0377,
X	0377, 0335, 0325, 0125, 0125, 0125, 0124, 0104, 0100, 0037,
X	0377, 0377, 0377, 0377, 0377, 0377, 0377, 0377, 0377, 0377,
X	0377, 0377, 0377, 0377, 0377, 0377, 0377, 0376, 0356, 0352,
X	0252, 0252, 0252, 0257, 0377, 0377, 0377, 0377, 0377, 0377,
X	0377, 0377, 0377, 0377, 0377, 0377, 0377, 0377, 0377, 0125,
X	0125, 0125, 0125, 0125, 0021, 0020, 0000, 0000, 0377, 0377,
X	0377, 0377, 0377, 0377, 0377, 0377, 0377, 0377, 0377, 0377,
X	0377, 0377, 0377, 0377, 0377, 0273, 0252, 0252, 0252, 0252,
X	0252, 0252, 0077, 0377, 0377, 0377, 0377, 0377, 0377, 0377,
X	0377, 0377, 0377, 0377, 0377, 0377, 0335, 0335, 0125, 0125,
X	0125, 0125, 0125, 0104, 0104, 0000, 0017, 0377, 0377, 0377,
X	0377, 0377, 0377, 0377, 0377, 0377, 0377, 0377, 0377, 0377,
X	0377, 0377, 0377, 0377, 0356, 0352, 0252, 0252, 0252, 0252,
X	0213, 0377, 0377, 0377, 0377, 0377, 0377, 0377, 0377, 0377,
X	0377, 0377, 0377, 0377, 0367, 0165, 0125, 0125, 0125, 0125,
X	0121, 0021, 0000, 0000, 0001, 0377, 0377, 0377, 0377, 0377,
X	0377, 0377, 0377, 0377, 0377, 0377, 0377, 0377, 0377, 0377,
X	0377, 0373, 0272, 0252, 0252, 0252, 0252, 0252, 0242, 0177,
X	0377, 0377, 0377, 0377, 0377, 0377, 0377, 0377, 0377, 0377,
X	0377, 0377, 0375, 0335, 0325, 0125, 0125, 0125, 0125, 0124,
X	0104, 0100, 0000, 0037, 0377, 0377, 0377, 0377, 0377, 0377,
X	0377, 0377, 0377, 0377, 0377, 0377, 0377, 0377, 0377, 0377,
X	0376, 0356, 0252, 0252, 0252, 0252, 0250, 0217, 0377, 0377,
X	0377, 0377, 0377, 0377, 0377, 0377, 0377, 0377, 0377, 0377,
X	0167, 0167, 0125, 0125, 0125, 0125, 0125, 0021, 0000, 0000,
X	0000, 0003, 0377, 0377, 0377, 0377, 0377, 0377, 0377, 0377,
X	0377, 0377, 0377, 0377, 0377, 0377, 0377, 0273, 0273, 0252,
X	0252, 0252, 0252, 0252, 0042, 0043, 0377, 0377, 0377, 0377,
X	0377, 0377, 0377, 0377, 0377, 0377, 0377, 0377, 0377, 0335,
X	0335, 0125, 0125, 0125, 0125, 0104, 0104, 0000, 0000, 0000,
X	0177, 0377, 0377, 0377, 0377, 0377, 0377, 0377, 0377, 0377,
X	0377, 0377, 0377, 0377, 0377, 0377, 0356, 0356, 0252, 0252,
X	0252, 0252, 0252, 0210, 0277, 0377, 0377, 0377, 0377, 0377,
X	0377, 0377, 0377, 0377, 0377, 0377, 0367, 0167, 0165, 0125,
X	0125, 0125, 0125, 0121, 0020, 0000, 0000, 0000, 0037, 0377,
X	0377, 0377, 0377, 0377, 0377, 0377, 0377, 0377, 0377, 0377,
X	0377, 0377, 0377, 0377, 0273, 0272, 0252, 0252, 0252, 0252,
X	0242, 0042, 0057, 0377, 0377, 0377, 0377, 0377, 0377, 0377,
X	0377, 0377, 0377, 0377, 0377, 0375, 0335, 0325, 0125, 0125,
X	0125, 0124, 0104, 0100, 0000, 0000, 0007, 0377, 0377, 0377,
X	0377, 0377, 0377, 0377, 0377, 0377, 0377, 0377, 0377, 0377,
X	0377, 0377, 0376, 0356, 0352, 0252, 0252, 0252, 0252, 0250,
X	0211, 0377, 0377, 0377, 0377, 0377, 0377, 0377, 0377, 0377,
X	0377, 0377, 0377, 0167, 0125, 0125, 0125, 0125, 0125, 0021,
X	0021, 0000, 0000, 0000, 0000, 0377, 0377, 0377, 0377, 0377,
X	0377, 0377, 0377, 0377, 0377, 0377, 0377, 0377, 0377, 0377,
X	0273, 0253, 0252, 0252, 0252, 0252, 0252, 0042, 0000, 0177,
X	0377, 0377, 0377, 0377, 0377, 0377, 0377, 0377, 0377, 0377,
X	0377, 0375, 0335, 0125, 0125, 0125, 0125, 0125, 0104, 0104,
X	0000, 0000, 0000, 0077, 0377, 0377, 0377, 0377, 0377, 0377,
X	0377, 0377, 0377, 0377, 0377, 0377, 0377, 0377, 0377, 0357,
X	0356, 0352, 0252, 0252, 0252, 0250, 0210, 0037, 0377, 0377,
X	0377, 0377, 0377, 0377, 0377, 0377, 0377, 0377, 0377, 0367,
X	0165, 0125, 0125, 0167, 0165, 0121, 0021, 0020, 0000, 0000,
X	0000, 0017, 0377, 0377, 0377, 0377, 0377, 0377, 0377, 0377,
X	0377, 0377, 0377, 0377, 0377, 0377, 0373, 0277, 0372, 0352,
X	0252, 0252, 0252, 0242, 0040, 0007, 0377, 0377, 0377, 0377,
X	0377, 0377, 0377, 0377, 0377, 0377, 0377, 0377, 0337, 0375,
X	0125, 0335, 0335, 0125, 0134, 0104, 0100, 0000, 0000, 0003,
X	0377, 0377, 0377, 0377, 0377, 0377, 0377, 0377, 0377, 0377,
X	0377, 0377, 0377, 0377, 0377, 0376, 0376, 0352, 0377, 0352,
X	0252, 0252, 0210, 0203, 0377, 0377, 0377, 0377, 0377, 0377,
X	0377, 0377, 0377, 0377, 0377, 0167, 0167, 0165, 0125, 0165,
X	0127, 0125, 0025, 0120, 0000, 0000, 0000, 0001, 0377, 0377,
X	0377, 0377, 0377, 0377, 0377, 0377, 0377, 0377, 0377, 0377,
X	0377, 0377, 0377, 0377, 0276, 0352, 0277, 0377, 0252, 0042,
X	0042, 0000, 0377, 0377, 0377, 0377, 0377, 0377, 0377, 0377,
X	0377, 0377, 0377, 0377, 0377, 0335, 0127, 0325, 0135, 0325,
X	0135, 0135, 0100, 0000, 0000, 0000, 0177, 0377, 0377, 0377,
X	0377, 0377, 0377, 0377, 0377, 0377, 0377, 0377, 0377, 0377,
X	0377, 0376, 0357, 0372, 0257, 0377, 0352, 0252, 0210, 0210,
X	0077, 0377, 0377, 0377, 0377, 0377, 0377, 0377, 0377, 0377,
X	0377, 0367, 0167, 0365, 0127, 0165, 0127, 0165, 0121, 0125,
X	0100, 0000, 0000, 0000, 0037, 0377, 0377, 0377, 0377, 0377,
X	0377, 0377, 0377, 0377, 0377, 0377, 0377, 0377, 0377, 0373,
X	0273, 0372, 0253, 0377, 0372, 0242, 0042, 0040, 0037, 0377,
X	0377, 0377, 0377, 0377, 0377, 0377, 0377, 0377, 0377, 0377,
X	0377, 0335, 0325, 0365, 0125, 0325, 0125, 0335, 0324, 0000,
X	0000, 0000, 0017, 0377, 0377, 0377, 0377, 0377, 0377, 0377,
X	0377, 0377, 0377, 0377, 0377, 0377, 0377, 0376, 0357, 0372,
X	0253, 0376, 0277, 0252, 0250, 0210, 0207, 0377, 0377, 0377,
X	0377, 0377, 0377, 0377, 0377, 0377, 0377, 0377, 0177, 0125,
X	0127, 0165, 0125, 0125, 0121, 0125, 0025, 0000, 0000, 0000,
X	0007, 0377, 0377, 0377, 0377, 0377, 0377, 0377, 0377, 0377,
X	0377, 0377, 0377, 0377, 0377, 0373, 0273, 0372, 0253, 0376,
X	0257, 0252, 0042, 0000, 0003, 0377, 0377, 0377, 0377, 0377,
X	0377, 0377, 0377, 0377, 0377, 0377, 0377, 0335, 0337, 0325,
X	0125, 0335, 0125, 0334, 0105, 0100, 0000, 0000, 0001, 0377,
X	0377, 0377, 0377, 0377, 0377, 0377, 0377, 0377, 0377, 0377,
X	0377, 0377, 0377, 0377, 0357, 0376, 0253, 0376, 0257, 0352,
X	0252, 0210, 0211, 0377, 0377, 0377, 0377, 0377, 0377, 0377,
X	0377, 0377, 0377, 0377, 0377, 0165, 0127, 0125, 0125, 0165,
X	0125, 0125, 0021, 0100, 0000, 0000, 0000, 0377, 0377, 0377,
X	0377, 0377, 0377, 0377, 0377, 0377, 0377, 0377, 0377, 0377,
X	0377, 0373, 0273, 0372, 0252, 0377, 0253, 0372, 0242, 0040,
X	0000, 0377, 0377, 0377, 0377, 0377, 0377, 0377, 0377, 0377,
X	0377, 0377, 0377, 0375, 0377, 0325, 0125, 0135, 0125, 0335,
X	0105, 0320, 0000, 0000, 0000, 0177, 0377, 0377, 0377, 0377,
X	0377, 0377, 0377, 0377, 0377, 0377, 0377, 0377, 0377, 0377,
X	0376, 0376, 0352, 0377, 0253, 0372, 0252, 0250, 0210, 0277,
X	0377, 0377, 0377, 0377, 0377, 0377, 0377, 0377, 0377, 0377,
X	0377, 0167, 0167, 0125, 0125, 0125, 0125, 0125, 0020, 0120,
X	0000, 0000, 0000, 0077, 0377, 0377, 0377, 0377, 0377, 0377,
X	0377, 0377, 0377, 0377, 0377, 0377, 0377, 0377, 0273, 0276,
X	0252, 0377, 0252, 0376, 0252, 0042, 0000, 0037, 0377, 0377,
X	0377, 0377, 0377, 0377, 0377, 0377, 0377, 0377, 0377, 0335,
X	0377, 0125, 0125, 0135, 0125, 0135, 0104, 0124, 0000, 0000,
X	0000, 0037, 0377, 0377, 0377, 0377, 0377, 0377, 0377, 0377,
X	0377, 0377, 0377, 0377, 0377, 0377, 0377, 0376, 0352, 0377,
X	0352, 0376, 0252, 0210, 0210, 0017, 0377, 0377, 0377, 0377,
X	0377, 0377, 0377, 0377, 0377, 0377, 0377, 0367, 0167, 0125,
X	0125, 0125, 0125, 0165, 0121, 0125, 0000, 0000, 0000, 0017,
X	0377, 0377, 0377, 0377, 0377, 0377, 0377, 0377, 0377, 0377,
X	0377, 0377, 0377, 0377, 0373, 0276, 0252, 0377, 0352, 0377,
X	0252, 0242, 0040, 0007, 0377, 0377, 0377, 0377, 0377, 0377,
X	0377, 0377, 0377, 0377, 0377, 0375, 0377, 0325, 0125, 0135,
X	0125, 0135, 0324, 0125, 0100, 0000, 0000, 0007, 0377, 0377,
X	0377, 0377, 0377, 0377, 0377, 0377, 0377, 0377, 0377, 0377,
X	0377, 0377, 0377, 0376, 0356, 0277, 0352, 0277, 0252, 0250,
X	0210, 0207, 0377, 0377, 0377, 0377, 0377, 0377, 0377, 0377,
X	0377, 0377, 0377, 0167, 0167, 0125, 0125, 0127, 0125, 0125,
X	0121, 0025, 0100, 0000, 0000, 0003, 0377, 0377, 0377, 0377,
X	0377, 0377, 0377, 0377, 0377, 0377, 0377, 0377, 0377, 0377,
X	0273, 0277, 0252, 0277, 0352, 0277, 0352, 0042, 0042, 0003,
X	0377, 0377, 0377, 0377, 0377, 0377, 0377, 0377, 0377, 0377,
X	0377, 0377, 0377, 0335, 0125, 0125, 0125, 0135, 0304, 0135,
X	0100, 0000, 0000, 0001, 0377, 0377, 0377, 0377, 0377, 0377,
X	0377, 0377, 0377, 0377, 0377, 0377, 0377, 0377, 0377, 0356,
X	0356, 0277, 0352, 0277, 0352, 0252, 0210, 0211, 0377, 0377,
X	0377, 0377, 0377, 0377, 0377, 0377, 0377, 0377, 0377, 0367,
X	0367, 0165, 0125, 0127, 0125, 0165, 0121, 0025, 0100, 0000,
X	0000, 0001, 0377, 0377, 0377, 0377, 0377, 0377, 0377, 0377,
X	0377, 0377, 0377, 0377, 0377, 0377, 0377, 0277, 0272, 0277,
X	0372, 0257, 0352, 0242, 0042, 0040, 0377, 0377, 0377, 0377,
X	0377, 0377, 0377, 0377, 0377, 0377, 0377, 0377, 0377, 0335,
X	0325, 0125, 0125, 0135, 0324, 0105, 0300, 0000, 0000, 0000,
X	0377, 0377, 0377, 0377, 0377, 0377, 0377, 0377, 0377, 0377,
X	0377, 0377, 0377, 0377, 0377, 0376, 0356, 0377, 0372, 0257,
X	0352, 0252, 0250, 0210, 0377, 0377, 0377, 0377, 0377, 0377,
X	0377, 0377, 0377, 0377, 0377, 0377, 0177, 0125, 0125, 0127,
X	0125, 0125, 0121, 0025, 0100, 0000, 0000, 0000, 0177, 0377,
X	0377, 0377, 0377, 0377, 0377, 0377, 0377, 0377, 0377, 0377,
X	0377, 0377, 0377, 0273, 0252, 0277, 0372, 0257, 0372, 0252,
X	0042, 0000, 0177, 0377, 0377, 0377, 0377, 0377, 0377, 0377,
X	0377, 0377, 0377, 0377, 0377, 0335, 0125, 0125, 0125, 0135,
X	0325, 0105, 0124, 0000, 0000, 0000, 0177, 0377, 0377, 0377,
X	0377, 0377, 0377, 0377, 0377, 0377, 0377, 0377, 0377, 0377,
X	0377, 0377, 0356, 0377, 0372, 0257, 0372, 0252, 0250, 0210,
X	0077, 0377, 0377, 0377, 0377, 0377, 0377, 0377, 0377, 0377,
X	0377, 0377, 0367, 0165, 0125, 0125, 0125, 0125, 0161, 0025,
X	0120, 0000, 0000, 0000, 0077, 0377, 0377, 0377, 0377, 0377,
X	0377, 0377, 0377, 0377, 0377, 0377, 0377, 0377, 0377, 0373,
X	0272, 0277, 0372, 0257, 0372, 0252, 0242, 0040, 0077, 0377,
X	0377, 0377, 0377, 0377, 0377, 0377, 0377, 0377, 0377, 0377,
X	0377, 0335, 0325, 0125, 0125, 0135, 0335, 0135, 0324, 0100,
X	0000, 0000, 0077, 0377, 0377, 0377, 0377, 0377, 0377, 0377,
X	0377, 0377, 0377, 0377, 0377, 0377, 0377, 0377, 0376, 0357,
X	0372, 0257, 0372, 0252, 0252, 0210, 0277, 0377, 0377, 0377,
X	0377, 0377, 0377, 0377, 0377, 0377, 0377, 0377, 0377, 0167,
X	0125, 0125, 0125, 0127, 0125, 0025, 0120, 0000, 0000, 0000,
X	0037, 0377, 0377, 0377, 0377, 0377, 0377, 0377, 0377, 0377,
X	0377, 0377, 0377, 0377, 0377, 0377, 0273, 0257, 0372, 0257,
X	0372, 0252, 0042, 0042, 0037, 0377, 0377, 0377, 0377, 0377,
X	0377, 0377, 0377, 0377, 0377, 0377, 0377, 0335, 0335, 0125,
X	0125, 0135, 0335, 0125, 0124, 0100, 0000, 0000, 0037, 0377,
X	0377, 0377, 0377, 0377, 0377, 0377, 0377, 0377, 0377, 0377,
X	0377, 0377, 0377, 0377, 0356, 0357, 0372, 0257, 0372, 0252,
X	0252, 0210, 0237, 0377, 0377, 0377, 0377, 0377, 0377, 0377,
X	0377, 0377, 0377, 0377, 0377, 0167, 0165, 0125, 0125, 0127,
X	0165, 0125, 0120, 0000, 0000, 0000, 0037, 0377, 0377, 0377,
X	0377, 0377, 0377, 0377, 0377, 0377, 0377, 0377, 0377, 0377,
X	0377, 0377, 0373, 0277, 0372, 0257, 0372, 0252, 0242, 0042,
X	0057, 0377, 0377, 0377, 0377, 0377, 0377, 0377, 0377, 0377,
X	0377, 0377, 0377, 0375, 0335, 0325, 0125, 0135, 0335, 0125,
X	0334, 0104, 0000, 0000, 0017, 0377, 0377, 0377, 0377, 0377,
X	0377, 0377, 0377, 0377, 0377, 0377, 0377, 0377, 0377, 0377,
X	0376, 0357, 0372, 0257, 0372, 0252, 0252, 0250, 0217, 0377,
X	0377, 0377, 0377, 0377, 0377, 0377, 0377, 0377, 0377, 0377,
X	0377, 0167, 0125, 0125, 0125, 0127, 0125, 0125, 0121, 0000,
X	0000, 0000, 0017, 0377, 0377, 0377, 0377, 0377, 0377, 0377,
X	0377, 0377, 0377, 0377, 0377, 0377, 0377, 0377, 0273, 0277,
X	0376, 0257, 0372, 0252, 0252, 0042, 0017, 0377, 0377, 0377,
X	0377, 0377, 0377, 0377, 0377, 0377, 0377, 0377, 0377, 0377,
X	0335, 0335, 0125, 0135, 0335, 0135, 0324, 0104, 0000, 0000,
X	0017, 0377, 0377, 0377, 0377, 0377, 0377, 0377, 0377, 0377,
X	0377, 0377, 0377, 0377, 0377, 0377, 0377, 0357, 0376, 0257,
X	0352, 0252, 0252, 0252, 0217, 0377, 0377, 0377, 0377, 0377,
X	0377, 0377, 0377, 0377, 0377, 0377, 0377, 0367, 0165, 0125,
X	0125, 0127, 0165, 0125, 0121, 0020, 0000, 0000, 0017, 0377,
X	0377, 0377, 0377, 0377, 0377, 0377, 0377, 0377, 0377, 0377,
X	0377, 0377, 0377, 0377, 0373, 0277, 0377, 0357, 0352, 0252,
X	0252, 0242, 0057, 0377, 0377, 0377, 0377, 0377, 0377, 0377,
X	0377, 0377, 0377, 0377, 0377, 0377, 0375, 0335, 0325, 0135,
X	0335, 0335, 0324, 0104, 0100, 0000, 0017, 0377, 0377, 0377,
X	0377, 0377, 0377, 0377, 0377, 0377, 0377, 0377, 0377, 0377,
X	0377, 0377, 0377, 0377, 0377, 0377, 0252, 0252, 0252, 0252,
X	0257, 0377, 0377, 0377, 0377, 0377, 0377, 0377, 0377, 0377,
X	0377, 0377, 0377, 0377, 0167, 0125, 0125, 0127, 0125, 0125,
X	0021, 0020, 0000, 0000, 0017, 0377, 0377, 0377, 0377, 0377,
X	0377, 0377, 0377, 0377, 0377, 0377, 0377, 0377, 0377, 0377,
X	0377, 0277, 0377, 0377, 0252, 0252, 0252, 0252, 0057, 0377,
X	0377, 0377, 0377, 0377, 0377, 0377, 0377, 0377, 0377, 0377,
X	0377, 0377, 0335, 0335, 0125, 0135, 0335, 0335, 0125, 0104,
X	0104, 0000, 0007, 0377, 0377, 0377, 0377, 0377, 0377, 0377,
X	0377, 0377, 0377, 0377, 0377, 0377, 0377, 0377, 0377, 0377,
X	0377, 0377, 0252, 0252, 0252, 0252, 0217, 0377, 0377, 0377,
X	0377, 0377, 0377, 0377, 0377, 0377, 0377, 0377, 0377, 0377,
X	0367, 0165, 0125, 0127, 0165, 0165, 0121, 0021, 0000, 0000,
X	0017, 0377, 0377, 0377, 0377, 0377, 0377, 0377, 0377, 0377,
X	0377, 0377, 0377, 0377, 0377, 0377, 0377, 0377, 0377, 0377,
X	0252, 0252, 0252, 0252, 0257, 0377, 0377, 0377, 0377, 0377,
X	0377, 0377, 0377, 0377, 0377, 0377, 0377, 0377, 0375, 0335,
X	0325, 0135, 0335, 0335, 0125, 0124, 0104, 0100, 0017, 0377,
X	0377, 0377, 0377, 0377, 0377, 0377, 0377, 0377, 0377, 0377,
X	0377, 0377, 0377, 0377, 0377, 0377, 0377, 0377, 0252, 0252,
X	0252, 0252, 0257, 0377, 0377, 0377, 0377, 0377, 0377, 0377,
X	0377, 0377, 0377, 0377, 0377, 0377, 0177, 0167, 0165, 0127,
X	0165, 0127, 0125, 0021, 0000, 0000, 0017, 0377, 0377, 0377,
X	0377, 0377, 0377, 0377, 0377, 0377, 0377, 0377, 0377, 0377,
X	0377, 0377, 0377, 0277, 0377, 0377, 0252, 0252, 0252, 0252,
X	0057, 0377, 0377, 0377, 0377, 0377, 0377, 0377, 0377, 0377,
X	0377, 0377, 0377, 0377, 0377, 0377, 0375, 0135, 0335, 0335,
X	0325, 0104, 0104, 0000, 0017, 0377, 0377, 0377, 0377, 0377,
X	0377, 0377, 0377, 0377, 0377, 0377, 0377, 0377, 0377, 0377,
X	0377, 0377, 0376, 0377, 0252, 0252, 0252, 0252, 0257, 0377,
X	0377, 0377, 0377, 0377, 0377, 0377, 0377, 0377, 0377, 0377,
X	0377, 0377, 0377, 0367, 0365, 0127, 0165, 0165, 0125, 0121,
X	0020, 0000, 0017, 0377, 0377, 0377, 0377, 0377, 0377, 0377,
X	0377, 0377, 0377, 0377, 0377, 0377, 0377, 0377, 0377, 0377,
X	0373, 0377, 0252, 0252, 0252, 0252, 0257, 0377, 0377, 0377,
X	0377, 0377, 0377, 0377, 0377, 0377, 0377, 0377, 0377, 0377,
X	0377, 0377, 0375, 0335, 0375, 0335, 0325, 0124, 0104, 0100,
X	0017, 0377, 0377, 0377, 0377, 0377, 0377, 0377, 0377, 0377,
X	0377, 0377, 0377, 0377, 0377, 0377, 0377, 0377, 0376, 0377,
X	0352, 0252, 0252, 0252, 0257, 0377, 0377, 0377, 0377, 0377,
X	0377, 0377, 0377, 0377, 0377, 0377, 0377, 0377, 0377, 0177,
X	0125, 0127, 0165, 0167, 0125, 0021, 0021, 0000, 0037, 0377,
X	0377, 0377, 0377, 0377, 0377, 0377, 0377, 0377, 0377, 0377,
X	0377, 0377, 0377, 0377, 0377, 0377, 0373, 0377, 0352, 0252,
X	0252, 0252, 0277, 0377, 0377, 0377, 0377, 0377, 0377, 0377,
X	0377, 0377, 0377, 0377, 0377, 0377, 0377, 0377, 0335, 0137,
X	0335, 0135, 0325, 0125, 0104, 0104, 0037, 0377, 0377, 0377,
X	0377, 0377, 0377, 0377, 0377, 0377, 0377, 0377, 0377, 0377,
X	0377, 0377, 0377, 0377, 0377, 0377, 0356, 0252, 0252, 0252,
X	0277, 0377, 0377, 0377, 0377, 0377, 0377, 0377, 0377, 0377,
X	0377, 0377, 0377, 0377, 0377, 0367, 0365, 0127, 0165, 0167,
X	0125, 0121, 0021, 0020, 0037, 0377, 0377, 0377, 0377, 0377,
X	0377, 0377, 0377, 0377, 0377, 0377, 0377, 0377, 0377, 0377,
X	0377, 0377, 0373, 0277, 0352, 0252, 0252, 0252, 0277, 0377,
X	0377, 0377, 0377, 0377, 0377, 0377, 0377, 0377, 0377, 0377,
X	0377, 0377, 0377, 0377, 0335, 0337, 0375, 0135, 0325, 0125,
X	0124, 0104, 0177, 0377, 0377, 0377, 0377, 0377, 0377, 0377,
X	0377, 0377, 0377, 0377, 0377, 0377, 0377, 0377, 0377, 0377,
X	0377, 0377, 0356, 0352, 0252, 0252, 0277, 0377, 0377, 0377,
X	0377, 0377, 0377, 0377, 0377, 0377, 0377, 0377, 0377, 0377,
X	0377, 0377, 0167, 0127, 0165, 0167, 0125, 0125, 0021, 0000,
X	0077, 0377, 0377, 0377, 0377, 0377, 0377, 0377, 0377, 0377,
X	0377, 0377, 0377, 0377, 0377, 0377, 0377, 0377, 0377, 0377,
X	0252, 0252, 0252, 0252, 0277, 0377, 0377, 0377, 0377, 0377,
X	0377, 0377, 0377, 0377, 0377, 0377, 0377, 0377, 0377, 0377,
X	0335, 0337, 0325, 0135, 0325, 0125, 0125, 0104, 0177, 0377,
X	0377, 0377, 0377, 0377, 0377, 0377, 0377, 0377, 0377, 0377,
X	0377, 0377, 0377, 0377, 0377, 0377, 0377, 0377, 0356, 0252,
X	0252, 0252, 0377, 0377, 0377, 0377, 0377, 0377, 0377, 0377,
X	0377, 0377, 0377, 0377, 0377, 0377, 0377, 0377, 0167, 0167,
X	0165, 0167, 0165, 0125, 0121, 0020, 0177, 0377, 0377, 0377,
X	0377, 0377, 0377, 0377, 0377, 0377, 0377, 0377, 0377, 0377,
X	0377, 0377, 0377, 0377, 0377, 0377, 0372, 0252, 0252, 0252,
X	0377, 0377, 0377, 0377, 0377, 0377, 0377, 0377, 0377, 0377,
X	0377, 0377, 0377, 0377, 0377, 0377, 0375, 0337, 0365, 0175,
X	0325, 0125, 0125, 0124, 0377, 0377, 0377, 0377, 0377, 0377,
X	0377, 0377, 0377, 0377, 0377, 0377, 0377, 0377, 0377, 0377,
X	0377, 0377, 0377, 0377, 0356, 0352, 0252, 0252, 0377, 0377,
X	0377, 0377, 0377, 0377, 0377, 0377, 0377, 0377, 0377, 0377,
X	0377, 0377, 0377, 0377, 0167, 0167, 0165, 0167, 0165, 0125,
X	0121, 0021, 0377, 0377, 0377, 0377, 0377, 0377, 0377, 0377,
X	0377, 0377, 0377, 0377, 0377, 0377, 0377, 0377, 0377, 0377,
X	0377, 0277, 0373, 0252, 0252, 0253, 0377, 0377, 0377, 0377,
X	0377, 0377, 0377, 0377, 0377, 0377, 0377, 0377, 0377, 0377,
X	0377, 0377, 0377, 0377, 0375, 0135, 0325, 0125, 0125, 0105,
X	0377, 0377, 0377, 0377, 0377, 0377, 0377, 0377, 0377, 0377,
X	0377, 0377, 0377, 0377, 0377, 0377, 0377, 0377, 0377, 0377,
X	0356, 0356, 0252, 0253, 0377, 0377, 0377, 0377, 0377, 0377,
X	0377, 0377, 0377, 0377, 0377, 0377, 0377, 0377, 0377, 0377,
X	0367, 0167, 0165, 0167, 0125, 0125, 0125, 0023, 0377, 0377,
X	0377, 0377, 0377, 0377, 0377, 0377, 0377, 0377, 0377, 0377,
X	0377, 0377, 0377, 0377, 0377, 0377, 0377, 0377, 0373, 0272,
X	0252, 0257, 0377, 0377, 0377, 0377, 0377, 0377, 0377, 0377,
X	0377, 0377, 0377, 0377, 0377, 0377, 0377, 0377, 0377, 0377,
X	0335, 0375, 0325, 0125, 0125, 0127, 0377, 0377, 0377, 0377,
X	0377, 0377, 0377, 0377, 0377, 0377, 0377, 0377, 0377, 0377,
X	0377, 0377, 0377, 0377, 0377, 0377, 0376, 0356, 0352, 0257,
X	0377, 0377, 0377, 0377, 0377, 0377, 0377, 0377, 0377, 0377,
X	0377, 0377, 0377, 0377, 0377, 0377, 0377, 0167, 0125, 0167,
X	0125, 0125, 0125, 0037, 0377, 0377, 0377, 0377, 0377, 0377,
X	0377, 0377, 0377, 0377, 0377, 0377, 0377, 0377, 0377, 0377,
X	0377, 0377, 0377, 0377, 0373, 0252, 0252, 0257, 0377, 0377,
X	0377, 0377, 0377, 0377, 0377, 0377, 0377, 0377, 0377, 0377,
X	0377, 0377, 0377, 0377, 0377, 0377, 0335, 0137, 0325, 0125,
X	0125, 0137, 0377, 0377, 0377, 0377, 0377, 0377, 0377, 0377,
X	0377, 0377, 0377, 0377, 0377, 0377, 0377, 0377, 0377, 0377,
X	0377, 0377, 0377, 0356, 0352, 0277, 0377, 0377, 0377, 0377,
X	0377, 0377, 0377, 0377, 0377, 0377, 0377, 0377, 0377, 0377,
X	0377, 0377, 0377, 0367, 0365, 0167, 0125, 0125, 0125, 0177,
X	0377, 0377, 0377, 0377, 0377, 0377, 0377, 0377, 0377, 0377,
X	0377, 0377, 0377, 0377, 0377, 0377, 0377, 0377, 0377, 0377,
X	0373, 0272, 0252, 0277, 0377, 0377, 0377, 0377, 0377, 0377,
X	0377, 0377, 0377, 0377, 0377, 0377, 0377, 0377, 0377, 0377,
X	0377, 0377, 0335, 0377, 0325, 0125, 0125, 0177, 0377, 0377,
X	0377, 0377, 0377, 0377, 0377, 0377, 0377, 0377, 0377, 0377,
X	0377, 0377, 0377, 0377, 0377, 0377, 0377, 0377, 0377, 0376,
X	0356, 0377, 0377, 0377, 0377, 0377, 0377, 0377, 0377, 0377,
X	0377, 0377, 0377, 0377, 0377, 0377, 0377, 0377, 0377, 0177,
X	0167, 0167, 0125, 0125, 0125, 0377, 0377, 0377, 0377, 0377,
X	0377, 0377, 0377, 0377, 0377, 0377, 0377, 0377, 0377, 0377,
X	0377, 0377, 0377, 0377, 0377, 0377, 0273, 0273, 0253, 0377,
X	0377, 0377, 0377, 0377, 0377, 0377, 0377, 0377, 0377, 0377,
X	0377, 0377, 0377, 0377, 0377, 0377, 0377, 0377, 0335, 0377,
X	0125, 0125, 0125, 0377, 0377, 0377, 0377, 0377, 0377, 0377,
X	0377, 0377, 0377, 0377, 0377, 0377, 0377, 0377, 0377, 0377,
X	0377, 0377, 0377, 0377, 0377, 0356, 0357, 0377, 0377, 0377,
X	0377, 0377, 0377, 0377, 0377, 0377, 0377, 0377, 0377, 0377,
X	0377, 0377, 0377, 0377, 0377, 0377, 0367, 0365, 0125, 0125,
X	0127, 0377, 0377, 0377, 0377, 0377, 0377, 0377, 0377, 0377,
X	0377, 0377, 0377, 0377, 0377, 0377, 0377, 0377, 0377, 0377,
X	0377, 0377, 0377, 0273, 0277, 0377, 0377, 0377, 0377, 0377,
X	0377, 0377, 0377, 0377, 0377, 0377, 0377, 0377, 0377, 0377,
X	0377, 0377, 0377, 0377, 0375, 0335, 0325, 0125, 0137, 0377,
X	0377, 0377, 0377, 0377, 0377, 0377, 0377, 0377, 0377, 0377,
X	0377, 0377, 0377, 0377, 0377, 0377, 0377, 0377, 0377, 0377,
X	0377, 0376, 0377, 0377, 0377, 0377, 0377, 0377, 0377, 0377,
X	0377, 0377, 0377, 0377, 0377, 0377, 0377, 0377, 0377, 0377,
X	0377, 0377, 0167, 0125, 0125, 0125, 0137, 0377, 0377, 0377,
X	0377, 0377, 0377, 0377, 0377, 0377, 0377, 0377, 0377, 0377,
X	0377, 0377, 0377, 0377, 0377, 0377, 0377, 0377, 0377, 0273,
X	0277, 0377, 0377, 0377, 0377, 0377, 0377, 0377, 0377, 0377,
X	0377, 0377, 0377, 0377, 0377, 0377, 0377, 0377, 0377, 0377,
X	0375, 0335, 0125, 0125, 0177, 0377, 0377, 0377, 0377, 0377,
X	0377, 0377, 0377, 0377, 0377, 0377, 0377, 0377, 0377, 0377,
X	0377, 0377, 0377, 0377, 0377, 0377, 0377, 0377, 0377, 0377,
X	0377, 0377, 0377, 0377, 0377, 0377, 0377, 0377, 0377, 0377,
X	0377, 0377, 0377, 0377, 0377, 0377, 0377, 0377, 0367, 0165,
X	0125, 0125, 0377, 0377, 0377, 0377, 0377, 0377, 0377, 0377,
X	0377, 0377, 0377, 0377, 0377, 0377, 0377, 0377, 0377, 0377,
X	0377, 0377, 0377, 0377, 0377, 0373, 0377, 0377, 0377, 0377,
X	0377, 0377, 0377, 0377, 0377, 0377, 0377, 0377, 0377, 0377,
X	0377, 0377, 0377, 0377, 0377, 0377, 0377, 0335, 0325, 0127,
X	0377, 0377, 0377, 0377, 0377, 0377, 0377, 0377, 0377, 0377,
X	0377, 0377, 0377, 0377, 0377, 0377, 0377, 0377, 0377, 0377,
X	0377, 0377, 0377, 0377, 0377, 0377, 0377, 0377, 0377, 0377,
X	0377, 0377, 0377, 0377, 0377, 0377, 0377, 0377, 0377, 0377,
X	0377, 0377, 0377, 0377, 0167, 0167, 0125, 0137, 0377, 0377,
X	0377, 0377, 0377, 0377, 0377, 0377, 0377, 0377, 0377, 0377,
X	0377, 0377, 0377, 0377, 0377, 0377, 0377, 0377, 0377, 0377,
X	0377, 0377, 0377, 0377, 0377, 0377, 0377, 0377, 0377, 0377,
X	0377, 0377, 0377, 0377, 0377, 0377, 0377, 0377, 0377, 0377,
X	0377, 0377, 0377, 0335, 0335, 0177, 0377, 0377, 0377, 0377,
X	0377, 0377, 0377, 0377, 0377, 0377, 0377, 0377, 0377, 0377,
X	0377, 0377, 0377, 0377, 0377, 0377, 0377, 0377, 0377, 0377,
X	0377, 0377, 0377, 0377, 0377, 0377, 0377, 0377, 0377, 0377,
X	0377, 0377, 0377, 0377, 0377, 0377, 0377, 0377, 0377, 0377,
X	0367, 0167, 0165, 0377, 0377, 0377, 0377, 0377, 0377, 0377,
X	0377, 0377, 0377, 0377, 0377, 0377, 0377, 0377, 0377, 0377,
X	0377, 0377, 0377, 0377, 0377, 0377, 0377, 0377, 0377, 0377,
X	0377, 0377, 0377, 0377, 0377, 0377, 0377, 0377, 0377, 0377,
X	0377, 0377, 0377, 0377, 0377, 0377, 0377, 0377, 0377, 0375,
X	0337, 0377, 0377, 0377, 0377, 0377, 0377, 0377, 0377, 0377,
X	0377, 0377, 0377, 0377, 0377, 0377, 0377, 0377, 0377, 0377,
X	0377, 0377, 0377, 0377, 0377, 0377, 0377, 0377, 0377, 0377,
X	0377, 0377, 0377, 0377, 0377, 0377, 0377, 0377, 0377, 0377,
X	0377, 0377, 0377, 0377, 0377, 0377, 0377, 0167, 0137, 0377,
X	0377, 0377, 0377, 0377, 0377, 0377, 0377, 0377, 0377, 0377,
X	0377, 0377, 0377, 0377, 0377, 0377, 0377, 0377, 0377, 0377,
X	0377, 0377, 0377, 0377, 0377, 0377, 0377, 0377, 0377, 0377,
X	0377, 0377, 0377, 0377, 0377, 0377, 0377, 0377, 0377, 0377,
X	0377, 0377, 0377, 0377, 0377, 0377, 0377, 0377, 0377, 0377,
X	0377, 0377, 0377, 0377, 0377, 0377, 0377, 0377, 0377, 0377,
X	0377, 0377, 0377, 0377, 0377, 0377, 0377, 0377, 0377, 0377,
X	0377, 0377, 0377, 0377, 0377, 0377, 0377, 0377, 0377, 0377,
X	0377, 0377, 0377, 0377, 0377, 0377, 0377, 0377, 0377, 0377,
X	0377, 0377, 0377, 0367, 0377, 0377, 0377, 0377, 0377, 0377,
X	0377, 0377, 0377, 0377, 0377, 0377, 0377, 0377, 0377, 0377,
X	0377, 0377, 0377, 0377, 0377, 0377, 0377, 0377, 0377, 0377,
X	0377, 0377, 0377, 0377, 0377, 0377, 0377, 0377, 0377, 0377,
X	0377, 0377, 0377, 0377, 0377, 0377, 0377, 0377, 0377, 0377,
X	0377, 0377, 0377, 0377, 0377, 0377, 0377, 0377, 0377, 0377,
X	0377, 0377, 0377, 0377, 0377, 0377, 0377, 0377, 0377, 0377,
X	0377, 0377, 0377, 0377, 0377, 0377, 0377, 0377, 0377, 0377,
X	0377, 0377, 0377, 0377, 0377, 0377, 0377, 0377, 0377, 0377,
X	0377, 0377, 0377, 0377, 0377, 0377, 0377, 0377, 0377, 0377,
X	0377, 0377, 0377, 0377, 0377, 0377, 0377, 0377, 0377, 0377,
X	0377, 0377, 0377, 0377, 0377, 0377, 0377, 0377, 0377, 0377,
X	0377, 0377, 0377, 0377, 0377, 0377, 0377, 0377, 0377, 0377,
X	0377, 0377, 0377, 0377, 0377, 0377, 0377, 0377, 0377, 0377,
X	0377, 0377, 0377, 0377, 0377, 0377, 0377, 0377, 0377, 0377,
X	0377, 0377, 0377, 0377, 0377, 0377, 0377, 0377, 0377, 0377,
X	0377, 0377, 0377, 0377, 0377, 0377, 0377, 0377, 0377, 0377,
X	0377, 0377, 0377, 0377, 0377, 0377, 0377, 0377, 0377, 0377,
X	0377, 0377, 0377, 0377, 0377, 0377, 0377, 0377, 0377, 0377,
X	0377, 0377, 0377, 0377, 0377, 0377, 0377, 0377, 0377, 0377,
X	0377, 0377, 0377, 0377, 0377, 0377, 0377, 0377, 0377, 0377,
X	0377, 0377, 0377, 0377, 0377, 0377, 0377, 0377, 0377, 0377,
X	0377, 0377, 0377, 0377, 0377, 0377, 0377, 0377, 0377, 0377,
X	0377, 0377, 0377, 0377, 0377, 0377, 0377, 0377, 0377, 0377,
X	0377, 0377, 0377, 0377, 0377, 0377, 0377, 0377, 0377, 0377,
X	0377, 0377, 0377, 0377, 0377, 0377, 0377, 0377, 0377, 0377,
X	0377, 0377, 0377, 0377, 0377, 0377, 0377, 0377, 0377, 0377,
X	0377, 0377, 0377, 0377, 0377, 0377, 0377, 0377, 0377, 0377,
X	0377, 0377, 0377, 0377, 0377, 0377, 0377, 0377, 0377, 0377,
X	0377, 0377, 0377, 0377, 0377, 0377, 0377, 0377, 0377, 0377,
X	0377, 0377, 0377, 0377, 0377, 0377, 0377, 0377, 0377, 0377,
X	0377, 0377, 0377, 0377, 0377, 0377, 0377, 0377, 0377, 0377,
X	0377, 0377, 0377, 0377, 0377, 0377, 0377, 0377, 0377, 0377,
X	0377, 0377, 0377, 0377, 0377, 0377, 0377, 0377, 0377, 0377,
X	0377, 0377, 0377, 0377, 0377, 0377, 0377, 0377, 0377, 0377,
X	0377, 0377, 0377, 0377, 0377, 0377, 0377, 0377, 0377, 0377,
X	0377, 0377, 0377, 0377, 0377, 0377, 0377, 0377, 0377, 0377,
X	0377, 0377, 0377, 0377, 0377, 0377, 0377, 0377, 0377, 0377,
X	0377, 0377, 0377, 0377, 0377, 0377, 0377, 0377, 0377, 0377,
X	0377, 0377, 0377, 0377, 0000, 0000, 0000, 0000, 0000, 0000,
X	0000, 0000, 0000, 0000, 0000, 0000, 0000, 0000, 0000, 0000,
X	0000, 0000, 0000, 0000, 0000, 0000, 0007, 0377, 
X	};
X/* bitmap for lb_3 */
X
X/* bitmap data */
X
Xstatic char lb_3_bits[] = {
X	0377, 0377, 0377, 0377, 0377, 0377, 0377, 0377, 0377, 0377,
X	0377, 0337, 0377, 0377, 0377, 0377, 0377, 0377, 0377, 0377,
X	0377, 0377, 0377, 0377, 0377, 0377, 0377, 0377, 0377, 0377,
X	0377, 0377, 0377, 0373, 0253, 0252, 0252, 0377, 0377, 0377,
X	0377, 0377, 0377, 0377, 0377, 0377, 0377, 0377, 0377, 0377,
X	0377, 0377, 0377, 0377, 0377, 0377, 0377, 0125, 0125, 0125,
X	0125, 0127, 0377, 0377, 0377, 0377, 0377, 0377, 0377, 0377,
X	0377, 0377, 0377, 0377, 0377, 0377, 0377, 0377, 0377, 0377,
X	0357, 0377, 0377, 0356, 0356, 0252, 0277, 0377, 0377, 0377,
X	0377, 0377, 0377, 0377, 0377, 0377, 0377, 0377, 0377, 0377,
X	0377, 0377, 0377, 0377, 0125, 0125, 0125, 0125, 0125, 0125,
X	0027, 0377, 0377, 0377, 0377, 0377, 0377, 0377, 0377, 0377,
X	0377, 0377, 0377, 0377, 0377, 0377, 0377, 0377, 0377, 0377,
X	0377, 0373, 0273, 0252, 0252, 0377, 0377, 0377, 0377, 0377,
X	0377, 0377, 0377, 0377, 0377, 0377, 0377, 0377, 0377, 0377,
X	0377, 0335, 0335, 0335, 0325, 0125, 0125, 0125, 0125, 0137,
X	0377, 0377, 0377, 0377, 0377, 0377, 0377, 0377, 0377, 0377,
X	0377, 0377, 0377, 0377, 0377, 0377, 0377, 0377, 0377, 0377,
X	0376, 0356, 0352, 0257, 0377, 0377, 0377, 0377, 0377, 0377,
X	0377, 0377, 0377, 0377, 0377, 0377, 0377, 0377, 0375, 0167,
X	0167, 0127, 0125, 0125, 0125, 0125, 0125, 0020, 0377, 0377,
X	0377, 0377, 0377, 0377, 0377, 0377, 0377, 0377, 0377, 0377,
X	0377, 0377, 0377, 0377, 0377, 0377, 0377, 0377, 0377, 0273,
X	0252, 0252, 0277, 0377, 0377, 0377, 0377, 0377, 0377, 0377,
X	0377, 0377, 0377, 0377, 0377, 0377, 0337, 0377, 0337, 0335,
X	0335, 0335, 0125, 0125, 0125, 0125, 0117, 0377, 0377, 0377,
X	0377, 0377, 0377, 0377, 0377, 0377, 0377, 0377, 0377, 0377,
X	0377, 0377, 0377, 0377, 0377, 0377, 0377, 0377, 0356, 0252,
X	0253, 0377, 0377, 0377, 0377, 0377, 0377, 0377, 0377, 0377,
X	0377, 0377, 0377, 0377, 0167, 0377, 0367, 0367, 0167, 0165,
X	0125, 0125, 0125, 0125, 0021, 0377, 0377, 0377, 0377, 0377,
X	0377, 0377, 0377, 0377, 0377, 0377, 0377, 0377, 0377, 0377,
X	0377, 0377, 0377, 0377, 0377, 0373, 0273, 0252, 0252, 0377,
X	0377, 0377, 0377, 0377, 0377, 0377, 0377, 0377, 0377, 0377,
X	0377, 0377, 0377, 0377, 0377, 0377, 0375, 0375, 0335, 0325,
X	0125, 0125, 0124, 0137, 0377, 0377, 0377, 0377, 0377, 0377,
X	0377, 0377, 0377, 0377, 0377, 0377, 0377, 0377, 0377, 0377,
X	0377, 0377, 0377, 0377, 0376, 0356, 0352, 0257, 0377, 0377,
X	0377, 0377, 0377, 0377, 0377, 0377, 0377, 0377, 0377, 0177,
X	0377, 0377, 0377, 0377, 0167, 0167, 0125, 0125, 0125, 0125,
X	0125, 0003, 0377, 0377, 0377, 0377, 0377, 0377, 0377, 0377,
X	0377, 0377, 0377, 0377, 0377, 0377, 0377, 0377, 0377, 0377,
X	0377, 0377, 0373, 0272, 0252, 0253, 0377, 0377, 0377, 0377,
X	0377, 0377, 0377, 0377, 0377, 0377, 0377, 0377, 0377, 0377,
X	0377, 0377, 0377, 0377, 0335, 0335, 0125, 0125, 0125, 0104,
X	0177, 0377, 0377, 0377, 0377, 0377, 0377, 0377, 0377, 0377,
X	0377, 0377, 0377, 0377, 0377, 0377, 0377, 0377, 0377, 0377,
X	0377, 0356, 0356, 0252, 0277, 0377, 0377, 0377, 0377, 0377,
X	0377, 0377, 0377, 0377, 0377, 0377, 0377, 0377, 0377, 0377,
X	0377, 0367, 0167, 0165, 0125, 0125, 0125, 0121, 0037, 0377,
X	0377, 0377, 0377, 0377, 0377, 0377, 0377, 0377, 0377, 0377,
X	0377, 0377, 0377, 0377, 0377, 0377, 0377, 0377, 0377, 0373,
X	0272, 0252, 0257, 0377, 0377, 0377, 0377, 0377, 0377, 0377,
X	0377, 0377, 0377, 0377, 0377, 0377, 0377, 0377, 0377, 0377,
X	0377, 0335, 0335, 0125, 0125, 0125, 0107, 0377, 0377, 0377,
X	0377, 0377, 0377, 0377, 0377, 0377, 0377, 0377, 0377, 0377,
X	0377, 0377, 0377, 0377, 0377, 0377, 0377, 0377, 0376, 0352,
X	0253, 0377, 0377, 0377, 0377, 0377, 0377, 0377, 0377, 0377,
X	0377, 0377, 0377, 0377, 0377, 0377, 0377, 0377, 0167, 0167,
X	0125, 0125, 0125, 0125, 0020, 0377, 0377, 0377, 0377, 0377,
X	0377, 0377, 0377, 0377, 0377, 0377, 0377, 0377, 0377, 0377,
X	0377, 0377, 0377, 0377, 0377, 0377, 0273, 0252, 0252, 0377,
X	0377, 0377, 0377, 0377, 0377, 0377, 0377, 0377, 0377, 0377,
X	0377, 0377, 0377, 0377, 0377, 0377, 0377, 0377, 0335, 0125,
X	0125, 0125, 0124, 0077, 0377, 0377, 0377, 0377, 0377, 0377,
X	0377, 0377, 0377, 0377, 0377, 0377, 0377, 0377, 0377, 0377,
X	0377, 0377, 0377, 0377, 0376, 0356, 0252, 0277, 0377, 0377,
X	0377, 0377, 0377, 0377, 0377, 0377, 0377, 0377, 0377, 0377,
X	0377, 0377, 0377, 0377, 0377, 0367, 0165, 0125, 0125, 0125,
X	0121, 0017, 0377, 0377, 0377, 0377, 0377, 0377, 0377, 0377,
X	0377, 0377, 0377, 0377, 0377, 0377, 0377, 0377, 0377, 0377,
X	0377, 0377, 0373, 0272, 0252, 0257, 0377, 0377, 0377, 0377,
X	0377, 0377, 0377, 0377, 0377, 0377, 0377, 0377, 0377, 0377,
X	0377, 0377, 0377, 0377, 0375, 0335, 0325, 0125, 0125, 0103,
X	0377, 0377, 0377, 0377, 0377, 0377, 0377, 0377, 0377, 0377,
X	0377, 0377, 0377, 0377, 0377, 0377, 0377, 0377, 0377, 0377,
X	0377, 0376, 0352, 0253, 0377, 0377, 0377, 0377, 0377, 0377,
X	0377, 0377, 0377, 0377, 0377, 0377, 0377, 0377, 0377, 0377,
X	0377, 0377, 0177, 0165, 0125, 0125, 0125, 0021, 0377, 0377,
X	0377, 0377, 0377, 0377, 0377, 0377, 0377, 0377, 0377, 0377,
X	0377, 0377, 0377, 0377, 0377, 0377, 0377, 0377, 0377, 0273,
X	0252, 0252, 0377, 0377, 0377, 0377, 0377, 0377, 0377, 0377,
X	0377, 0377, 0377, 0377, 0377, 0377, 0377, 0377, 0377, 0377,
X	0377, 0377, 0375, 0125, 0125, 0104, 0177, 0377, 0377, 0377,
X	0377, 0377, 0377, 0377, 0377, 0377, 0377, 0377, 0377, 0377,
X	0377, 0377, 0377, 0377, 0377, 0377, 0377, 0376, 0356, 0252,
X	0277, 0377, 0377, 0377, 0377, 0377, 0377, 0377, 0377, 0377,
X	0377, 0377, 0377, 0377, 0377, 0377, 0377, 0377, 0367, 0367,
X	0365, 0125, 0125, 0121, 0037, 0377, 0377, 0377, 0377, 0377,
X	0377, 0377, 0377, 0377, 0377, 0377, 0377, 0377, 0377, 0377,
X	0377, 0377, 0377, 0377, 0377, 0373, 0272, 0252, 0277, 0377,
X	0377, 0377, 0377, 0377, 0377, 0377, 0377, 0377, 0377, 0377,
X	0377, 0377, 0377, 0377, 0377, 0377, 0377, 0375, 0377, 0325,
X	0125, 0124, 0117, 0377, 0377, 0377, 0377, 0377, 0377, 0377,
X	0377, 0377, 0377, 0377, 0377, 0377, 0377, 0377, 0377, 0377,
X	0377, 0377, 0377, 0377, 0376, 0352, 0257, 0377, 0377, 0377,
X	0377, 0377, 0377, 0377, 0377, 0377, 0377, 0377, 0377, 0377,
X	0377, 0377, 0377, 0377, 0377, 0177, 0167, 0125, 0125, 0125,
X	0007, 0377, 0377, 0377, 0377, 0377, 0377, 0377, 0377, 0377,
X	0377, 0377, 0377, 0377, 0377, 0377, 0377, 0377, 0377, 0377,
X	0377, 0377, 0273, 0252, 0253, 0377, 0377, 0377, 0377, 0377,
X	0377, 0377, 0377, 0377, 0377, 0377, 0377, 0377, 0377, 0377,
X	0377, 0377, 0377, 0377, 0337, 0365, 0125, 0125, 0105, 0377,
X	0377, 0377, 0377, 0377, 0377, 0377, 0377, 0377, 0377, 0377,
X	0377, 0377, 0377, 0377, 0377, 0377, 0377, 0377, 0377, 0377,
X	0376, 0356, 0253, 0377, 0377, 0377, 0377, 0377, 0377, 0377,
X	0377, 0377, 0377, 0377, 0377, 0377, 0377, 0377, 0377, 0377,
X	0377, 0377, 0167, 0165, 0125, 0125, 0120, 0377, 0377, 0377,
X	0377, 0377, 0377, 0377, 0377, 0377, 0377, 0377, 0377, 0377,
X	0377, 0377, 0377, 0377, 0377, 0377, 0377, 0377, 0373, 0272,
X	0252, 0377, 0377, 0377, 0377, 0377, 0377, 0377, 0377, 0377,
X	0377, 0377, 0377, 0377, 0377, 0377, 0377, 0377, 0377, 0377,
X	0375, 0375, 0325, 0125, 0124, 0177, 0377, 0377, 0377, 0377,
X	0377, 0377, 0377, 0377, 0377, 0377, 0377, 0377, 0377, 0377,
X	0377, 0377, 0377, 0377, 0377, 0377, 0377, 0356, 0352, 0277,
X	0377, 0377, 0377, 0377, 0377, 0377, 0377, 0377, 0377, 0377,
X	0377, 0377, 0377, 0377, 0377, 0377, 0377, 0377, 0167, 0165,
X	0125, 0125, 0121, 0077, 0377, 0377, 0377, 0377, 0377, 0377,
X	0377, 0377, 0377, 0377, 0377, 0377, 0377, 0377, 0377, 0377,
X	0377, 0377, 0377, 0377, 0377, 0272, 0252, 0277, 0377, 0377,
X	0377, 0377, 0377, 0377, 0377, 0377, 0377, 0377, 0377, 0377,
X	0377, 0377, 0377, 0377, 0377, 0377, 0377, 0377, 0325, 0125,
X	0125, 0137, 0377, 0377, 0377, 0377, 0377, 0377, 0377, 0377,
X	0377, 0377, 0377, 0377, 0377, 0377, 0377, 0377, 0377, 0377,
X	0377, 0377, 0377, 0356, 0352, 0257, 0377, 0377, 0377, 0377,
X	0377, 0377, 0377, 0377, 0377, 0377, 0377, 0377, 0377, 0377,
X	0377, 0377, 0377, 0377, 0367, 0167, 0125, 0125, 0125, 0017,
X	0377, 0377, 0377, 0377, 0377, 0377, 0377, 0377, 0377, 0377,
X	0377, 0377, 0377, 0377, 0377, 0377, 0377, 0377, 0377, 0377,
X	0377, 0373, 0252, 0257, 0377, 0377, 0377, 0377, 0377, 0377,
X	0377, 0377, 0377, 0377, 0377, 0377, 0377, 0377, 0377, 0377,
X	0377, 0377, 0377, 0377, 0335, 0125, 0125, 0107, 0377, 0377,
X	0377, 0377, 0377, 0377, 0377, 0377, 0377, 0377, 0377, 0377,
X	0377, 0377, 0377, 0377, 0377, 0377, 0377, 0377, 0377, 0376,
X	0352, 0257, 0377, 0377, 0377, 0377, 0377, 0377, 0377, 0377,
X	0377, 0377, 0377, 0377, 0377, 0377, 0377, 0377, 0377, 0377,
X	0377, 0177, 0125, 0125, 0125, 0023, 0377, 0377, 0377, 0377,
X	0377, 0377, 0377, 0377, 0377, 0377, 0377, 0377, 0377, 0377,
X	0377, 0377, 0377, 0377, 0377, 0377, 0377, 0373, 0252, 0253,
X	0377, 0377, 0377, 0377, 0377, 0377, 0377, 0377, 0377, 0377,
X	0377, 0377, 0377, 0377, 0377, 0377, 0377, 0377, 0377, 0377,
X	0335, 0125, 0125, 0105, 0377, 0377, 0377, 0377, 0377, 0377,
X	0377, 0377, 0377, 0377, 0377, 0377, 0377, 0377, 0377, 0377,
X	0377, 0377, 0377, 0377, 0377, 0377, 0356, 0253, 0377, 0377,
X	0377, 0377, 0377, 0377, 0377, 0377, 0377, 0377, 0377, 0377,
X	0377, 0377, 0377, 0377, 0377, 0377, 0377, 0377, 0365, 0125,
X	0125, 0121, 0377, 0377, 0377, 0377, 0377, 0377, 0377, 0377,
X	0377, 0377, 0377, 0377, 0377, 0377, 0377, 0377, 0377, 0377,
X	0377, 0377, 0377, 0377, 0272, 0252, 0377, 0377, 0377, 0377,
X	0377, 0377, 0377, 0377, 0377, 0377, 0377, 0377, 0377, 0377,
X	0377, 0377, 0377, 0377, 0377, 0377, 0375, 0325, 0125, 0124,
X	0377, 0377, 0377, 0377, 0377, 0377, 0377, 0377, 0377, 0377,
X	0377, 0377, 0377, 0377, 0377, 0377, 0377, 0377, 0377, 0377,
X	0377, 0377, 0376, 0352, 0377, 0377, 0377, 0377, 0377, 0377,
X	0377, 0377, 0377, 0377, 0377, 0377, 0377, 0377, 0377, 0377,
X	0377, 0377, 0377, 0377, 0167, 0125, 0125, 0121, 0177, 0377,
X	0377, 0377, 0377, 0377, 0377, 0377, 0377, 0377, 0377, 0377,
X	0377, 0377, 0377, 0377, 0377, 0377, 0377, 0377, 0377, 0377,
X	0273, 0252, 0377, 0377, 0377, 0377, 0377, 0377, 0377, 0377,
X	0377, 0377, 0377, 0377, 0377, 0377, 0377, 0377, 0377, 0377,
X	0377, 0377, 0375, 0335, 0125, 0125, 0177, 0377, 0377, 0377,
X	0377, 0377, 0377, 0377, 0377, 0377, 0377, 0377, 0377, 0377,
X	0377, 0377, 0377, 0377, 0377, 0377, 0377, 0377, 0376, 0352,
X	0277, 0377, 0377, 0377, 0377, 0377, 0377, 0377, 0377, 0377,
X	0377, 0377, 0377, 0377, 0377, 0377, 0377, 0377, 0377, 0377,
X	0367, 0165, 0125, 0125, 0077, 0377, 0377, 0377, 0377, 0377,
X	0377, 0377, 0377, 0377, 0377, 0377, 0377, 0377, 0377, 0377,
X	0377, 0377, 0377, 0377, 0377, 0377, 0373, 0252, 0277, 0377,
X	0377, 0377, 0377, 0377, 0377, 0377, 0377, 0377, 0377, 0377,
X	0377, 0377, 0377, 0377, 0377, 0377, 0377, 0377, 0375, 0335,
X	0325, 0125, 0177, 0377, 0377, 0377, 0377, 0377, 0377, 0377,
X	0377, 0377, 0377, 0377, 0377, 0377, 0377, 0377, 0377, 0377,
X	0377, 0377, 0377, 0377, 0376, 0352, 0277, 0377, 0377, 0377,
X	0377, 0377, 0377, 0377, 0377, 0377, 0377, 0377, 0377, 0377,
X	0377, 0377, 0377, 0377, 0377, 0377, 0377, 0165, 0125, 0125,
X	0037, 0377, 0377, 0377, 0377, 0377, 0377, 0377, 0377, 0377,
X	0377, 0377, 0377, 0377, 0377, 0377, 0377, 0377, 0377, 0377,
X	0377, 0377, 0373, 0252, 0277, 0377, 0377, 0377, 0377, 0377,
X	0377, 0377, 0377, 0377, 0377, 0377, 0377, 0377, 0377, 0377,
X	0377, 0377, 0377, 0377, 0377, 0335, 0125, 0125, 0137, 0377,
X	0377, 0377, 0377, 0377, 0377, 0377, 0377, 0377, 0377, 0377,
X	0377, 0377, 0377, 0377, 0377, 0377, 0377, 0377, 0377, 0377,
X	0377, 0356, 0277, 0377, 0377, 0377, 0377, 0377, 0377, 0377,
X	0377, 0377, 0377, 0377, 0377, 0377, 0377, 0377, 0377, 0377,
X	0377, 0377, 0377, 0165, 0125, 0125, 0137, 0377, 0377, 0377,
X	0377, 0377, 0377, 0377, 0377, 0377, 0377, 0377, 0377, 0377,
X	0377, 0377, 0377, 0377, 0377, 0377, 0377, 0377, 0377, 0272,
X	0257, 0377, 0377, 0377, 0377, 0377, 0377, 0377, 0377, 0377,
X	0377, 0377, 0377, 0377, 0377, 0377, 0377, 0377, 0377, 0377,
X	0377, 0375, 0325, 0125, 0117, 0377, 0377, 0377, 0377, 0377,
X	0377, 0377, 0377, 0377, 0377, 0377, 0377, 0377, 0377, 0377,
X	0377, 0377, 0377, 0377, 0377, 0377, 0377, 0376, 0257, 0377,
X	0377, 0377, 0377, 0377, 0377, 0377, 0377, 0377, 0377, 0377,
X	0377, 0377, 0377, 0377, 0377, 0377, 0377, 0377, 0377, 0167,
X	0125, 0125, 0137, 0377, 0377, 0377, 0377, 0377, 0377, 0377,
X	0377, 0377, 0377, 0377, 0377, 0377, 0377, 0377, 0377, 0377,
X	0377, 0377, 0377, 0377, 0377, 0272, 0257, 0377, 0377, 0377,
X	0377, 0377, 0377, 0377, 0377, 0377, 0377, 0377, 0377, 0377,
X	0377, 0377, 0377, 0377, 0377, 0377, 0377, 0375, 0335, 0125,
X	0117, 0377, 0377, 0377, 0377, 0377, 0377, 0377, 0377, 0377,
X	0377, 0377, 0377, 0377, 0377, 0377, 0377, 0377, 0377, 0377,
X	0377, 0377, 0377, 0356, 0257, 0377, 0377, 0377, 0377, 0377,
X	0377, 0377, 0377, 0377, 0377, 0377, 0377, 0377, 0377, 0377,
X	0377, 0377, 0377, 0377, 0377, 0367, 0165, 0125, 0137, 0377,
X	0377, 0377, 0377, 0377, 0377, 0377, 0377, 0377, 0377, 0377,
X	0377, 0377, 0377, 0377, 0377, 0377, 0377, 0377, 0377, 0377,
X	0377, 0372, 0257, 0377, 0377, 0377, 0377, 0377, 0377, 0377,
X	0377, 0377, 0377, 0377, 0377, 0377, 0377, 0377, 0377, 0377,
X	0377, 0377, 0377, 0375, 0335, 0125, 0137, 0377, 0377, 0377,
X	0377, 0377, 0377, 0377, 0377, 0377, 0377, 0377, 0377, 0377,
X	0377, 0377, 0377, 0377, 0377, 0377, 0377, 0377, 0377, 0376,
X	0357, 0377, 0377, 0377, 0377, 0377, 0377, 0377, 0377, 0377,
X	0377, 0377, 0377, 0377, 0377, 0377, 0377, 0377, 0377, 0377,
X	0377, 0367, 0125, 0125, 0137, 0377, 0377, 0377, 0377, 0377,
X	0377, 0377, 0377, 0377, 0377, 0377, 0377, 0377, 0377, 0377,
X	0377, 0377, 0377, 0377, 0377, 0377, 0377, 0373, 0257, 0377,
X	0377, 0377, 0377, 0377, 0377, 0377, 0377, 0377, 0377, 0377,
X	0377, 0377, 0377, 0377, 0377, 0377, 0377, 0377, 0377, 0377,
X	0335, 0125, 0127, 0377, 0377, 0377, 0377, 0377, 0377, 0377,
X	0377, 0377, 0377, 0377, 0377, 0377, 0377, 0377, 0377, 0377,
X	0377, 0377, 0377, 0377, 0377, 0376, 0357, 0377, 0377, 0377,
X	0377, 0377, 0377, 0377, 0377, 0377, 0377, 0377, 0377, 0377,
X	0377, 0377, 0377, 0377, 0377, 0377, 0377, 0367, 0165, 0125,
X	0137, 0377, 0377, 0377, 0377, 0377, 0377, 0377, 0377, 0377,
X	0377, 0377, 0377, 0377, 0377, 0377, 0377, 0377, 0377, 0377,
X	0377, 0377, 0377, 0373, 0257, 0377, 0377, 0377, 0377, 0377,
X	0377, 0377, 0377, 0377, 0377, 0377, 0377, 0377, 0377, 0377,
X	0377, 0377, 0377, 0377, 0377, 0377, 0375, 0325, 0137, 0377,
X	0377, 0377, 0377, 0377, 0377, 0377, 0377, 0377, 0377, 0377,
X	0377, 0377, 0377, 0377, 0377, 0377, 0377, 0377, 0377, 0377,
X	0377, 0376, 0357, 0377, 0377, 0377, 0377, 0377, 0377, 0377,
X	0377, 0377, 0377, 0377, 0377, 0377, 0377, 0377, 0377, 0377,
X	0377, 0377, 0377, 0377, 0167, 0125, 0137, 0377, 0377, 0377,
X	0377, 0377, 0377, 0377, 0377, 0377, 0377, 0377, 0377, 0377,
X	0377, 0377, 0377, 0377, 0377, 0377, 0377, 0377, 0377, 0373,
X	0257, 0377, 0377, 0377, 0377, 0377, 0377, 0377, 0377, 0377,
X	0377, 0377, 0377, 0377, 0377, 0377, 0377, 0377, 0377, 0377,
X	0377, 0377, 0335, 0325, 0137, 0377, 0377, 0377, 0377, 0377,
X	0377, 0377, 0377, 0377, 0377, 0377, 0377, 0377, 0377, 0377,
X	0377, 0377, 0377, 0377, 0377, 0377, 0377, 0377, 0357, 0377,
X	0377, 0377, 0377, 0377, 0377, 0377, 0377, 0377, 0377, 0377,
X	0377, 0377, 0377, 0377, 0377, 0377, 0377, 0377, 0377, 0377,
X	0367, 0125, 0137, 0377, 0377, 0377, 0377, 0377, 0377, 0377,
X	0377, 0377, 0377, 0377, 0377, 0377, 0377, 0377, 0377, 0377,
X	0377, 0377, 0377, 0377, 0377, 0373, 0257, 0377, 0377, 0377,
X	0377, 0377, 0377, 0377, 0377, 0377, 0377, 0377, 0377, 0377,
X	0377, 0377, 0377, 0377, 0377, 0377, 0377, 0377, 0375, 0325,
END_OF_FILE
# end of 'src/copyright.h.3'
fi
echo shar: End of archive 57 \(of 61\).
cp /dev/null ark57isdone
MISSING=""
for I in 1 2 3 4 5 6 7 8 9 10 11 12 13 14 15 16 17 18 19 20 \
	21 22 23 24 25 26 27 28 29 30 31 32 33 34 35 36 37 \
	38 39 40 41 42 43 44 45 46 47 48 49 50 51 52 53 54 \
	55 56 57 58 59 60 61 ; do
    if test ! -f ark${I}isdone ; then
	MISSING="${MISSING} ${I}"
    fi
done
if test "${MISSING}" = "" ; then
    echo You have unpacked all 61 archives.
    rm -f ark[1-9]isdone ark[1-9][0-9]isdone
else
    echo You still need to unpack the following archives:
    echo "        " ${MISSING}
fi
##  End of shell archive.
exit 0
