Subject:  v17i055:  MGR, Bellcore window manager, Part54/61
Newsgroups: comp.sources.unix
Approved: rsalz@uunet.UU.NET

Submitted-by: Stephen A. Uhler <sau@bellcore.com>
Posting-number: Volume 17, Issue 55
Archive-name: mgr/part54




#! /bin/sh
# This is a shell archive.  Remove anything before this line, then unpack
# it by saving it into a file and typing "sh file".  To overwrite existing
# files, type "sh file -c".  You can also feed this as standard input via
# unshar, or by typing "sh <file", e.g..  If this archive is complete, you
# will see the following message at the end:
#		"End of archive 54 (of 61)."
# Contents:  src/copyright.h.6
# Wrapped by rsalz@papaya.bbn.com on Thu Nov 17 21:06:01 1988
PATH=/bin:/usr/bin:/usr/ucb ; export PATH
if test -f 'src/copyright.h.6' -a "${1}" != "-c" ; then 
  echo shar: Will not clobber existing file \"'src/copyright.h.6'\"
else
echo shar: Extracting \"'src/copyright.h.6'\" \(34277 characters\)
sed "s/^X//" >'src/copyright.h.6' <<'END_OF_FILE'
X	0377, 0377, 0377, 0377, 0377, 0377, 0377, 0377, 0377, 0377,
X	0377, 0377, 0377, 0352, 0253, 0273, 0377, 0377, 0377, 0377,
X	0377, 0377, 0377, 0377, 0377, 0377, 0377, 0377, 0377, 0377,
X	0377, 0377, 0377, 0377, 0377, 0377, 0377, 0365, 0125, 0125,
X	0137, 0335, 0375, 0377, 0377, 0377, 0377, 0377, 0377, 0377,
X	0377, 0377, 0377, 0377, 0377, 0377, 0377, 0377, 0377, 0377,
X	0377, 0372, 0356, 0377, 0377, 0377, 0377, 0377, 0377, 0377,
X	0377, 0377, 0377, 0377, 0377, 0377, 0377, 0377, 0377, 0377,
X	0377, 0377, 0377, 0377, 0377, 0375, 0125, 0125, 0127, 0167,
X	0177, 0177, 0377, 0377, 0377, 0377, 0377, 0377, 0377, 0377,
X	0377, 0377, 0377, 0377, 0377, 0377, 0377, 0377, 0377, 0376,
X	0253, 0273, 0277, 0377, 0377, 0377, 0377, 0377, 0377, 0377,
X	0377, 0377, 0377, 0377, 0377, 0377, 0377, 0377, 0377, 0377,
X	0377, 0377, 0377, 0375, 0125, 0125, 0127, 0375, 0337, 0377,
X	0377, 0377, 0377, 0377, 0377, 0377, 0377, 0377, 0377, 0377,
X	0377, 0377, 0377, 0377, 0377, 0377, 0377, 0376, 0356, 0357,
X	0377, 0377, 0377, 0377, 0377, 0377, 0377, 0377, 0377, 0377,
X	0377, 0377, 0377, 0377, 0377, 0377, 0377, 0377, 0377, 0377,
X	0377, 0377, 0125, 0125, 0125, 0167, 0167, 0377, 0377, 0377,
X	0377, 0377, 0377, 0377, 0377, 0377, 0377, 0377, 0377, 0377,
X	0377, 0377, 0377, 0377, 0377, 0377, 0273, 0273, 0377, 0377,
X	0377, 0377, 0377, 0377, 0377, 0377, 0377, 0377, 0377, 0377,
X	0377, 0377, 0377, 0377, 0377, 0377, 0377, 0377, 0377, 0377,
X	0325, 0125, 0125, 0337, 0377, 0377, 0377, 0377, 0377, 0377,
X	0377, 0377, 0377, 0377, 0377, 0377, 0377, 0377, 0377, 0377,
X	0377, 0377, 0377, 0377, 0356, 0377, 0377, 0377, 0377, 0377,
X	0377, 0377, 0377, 0377, 0377, 0377, 0377, 0377, 0377, 0377,
X	0377, 0377, 0377, 0377, 0377, 0377, 0377, 0377, 0325, 0125,
X	0125, 0127, 0167, 0177, 0377, 0377, 0377, 0377, 0377, 0377,
X	0377, 0377, 0377, 0377, 0377, 0377, 0377, 0377, 0377, 0377,
X	0377, 0377, 0373, 0277, 0377, 0377, 0377, 0377, 0377, 0377,
X	0377, 0377, 0377, 0377, 0377, 0377, 0377, 0377, 0377, 0377,
X	0377, 0377, 0377, 0377, 0377, 0377, 0365, 0125, 0135, 0335,
X	0377, 0377, 0377, 0377, 0377, 0377, 0377, 0377, 0377, 0377,
X	0377, 0377, 0377, 0377, 0377, 0377, 0377, 0377, 0377, 0377,
X	0377, 0377, 0377, 0377, 0377, 0377, 0377, 0377, 0377, 0377,
X	0377, 0377, 0377, 0377, 0377, 0377, 0377, 0377, 0377, 0377,
X	0377, 0377, 0377, 0377, 0375, 0125, 0125, 0167, 0167, 0377,
X	0377, 0377, 0377, 0377, 0377, 0377, 0377, 0377, 0377, 0377,
X	0377, 0377, 0377, 0377, 0377, 0377, 0377, 0377, 0377, 0377,
X	0377, 0377, 0377, 0377, 0377, 0377, 0377, 0377, 0377, 0377,
X	0377, 0377, 0377, 0377, 0377, 0377, 0377, 0377, 0377, 0377,
X	0377, 0377, 0377, 0125, 0335, 0337, 0377, 0377, 0377, 0377,
X	0377, 0377, 0377, 0377, 0377, 0377, 0377, 0377, 0377, 0377,
X	0377, 0377, 0377, 0377, 0377, 0377, 0377, 0377, 0377, 0377,
X	0377, 0377, 0377, 0377, 0377, 0377, 0377, 0377, 0377, 0377,
X	0377, 0377, 0377, 0377, 0377, 0377, 0377, 0377, 0377, 0377,
X	0377, 0325, 0127, 0167, 0177, 0377, 0377, 0377, 0377, 0377,
X	0377, 0377, 0377, 0377, 0377, 0377, 0377, 0377, 0377, 0377,
X	0377, 0377, 0377, 0377, 0377, 0377, 0377, 0377, 0377, 0377,
X	0377, 0377, 0377, 0377, 0377, 0377, 0377, 0377, 0377, 0377,
X	0377, 0377, 0377, 0377, 0377, 0377, 0377, 0377, 0377, 0365,
X	0335, 0337, 0377, 0377, 0377, 0377, 0377, 0377, 0377, 0377,
X	0377, 0377, 0377, 0377, 0377, 0377, 0377, 0377, 0377, 0377,
X	0377, 0377, 0377, 0377, 0377, 0377, 0377, 0377, 0377, 0377,
X	0377, 0377, 0377, 0377, 0377, 0377, 0377, 0377, 0377, 0377,
X	0377, 0377, 0377, 0377, 0377, 0377, 0377, 0375, 0167, 0167,
X	0377, 0377, 0377, 0377, 0377, 0377, 0377, 0377, 0377, 0377,
X	0377, 0377, 0377, 0377, 0377, 0377, 0377, 0377, 0377, 0377,
X	0377, 0377, 0377, 0377, 0377, 0377, 0377, 0377, 0377, 0377,
X	0377, 0377, 0377, 0377, 0377, 0377, 0377, 0377, 0377, 0377,
X	0377, 0377, 0377, 0377, 0377, 0377, 0335, 0377, 0377, 0377,
X	0377, 0377, 0377, 0377, 0377, 0377, 0377, 0377, 0377, 0377,
X	0377, 0377, 0377, 0377, 0377, 0377, 0377, 0377, 0377, 0377,
X	0377, 0377, 0377, 0377, 0377, 0377, 0377, 0377, 0377, 0377,
X	0377, 0377, 0377, 0377, 0377, 0377, 0377, 0377, 0377, 0377,
X	0377, 0377, 0377, 0377, 0327, 0167, 0377, 0377, 0377, 0377,
X	0377, 0377, 0377, 0377, 0377, 0377, 0377, 0377, 0377, 0377,
X	0377, 0377, 0377, 0377, 0377, 0377, 0377, 0377, 0377, 0377,
X	0377, 0377, 0377, 0377, 0377, 0377, 0377, 0377, 0377, 0377,
X	0377, 0377, 0377, 0377, 0377, 0377, 0377, 0377, 0377, 0377,
X	0377, 0377, 0377, 0377, 0377, 0377, 0377, 0377, 0377, 0377,
X	0377, 0377, 0377, 0377, 0377, 0377, 0377, 0377, 0377, 0377,
X	0377, 0377, 0377, 0377, 0377, 0377, 0377, 0377, 0377, 0377,
X	0377, 0377, 0377, 0377, 0377, 0377, 0377, 0377, 0377, 0377,
X	0377, 0377, 0377, 0377, 0377, 0377, 0377, 0377, 0377, 0377,
X	0377, 0177, 0377, 0377, 0377, 0377, 0377, 0377, 0377, 0377,
X	0377, 0377, 0377, 0377, 0377, 0377, 0377, 0377, 0377, 0377,
X	0377, 0377, 0377, 0377, 0377, 0377, 0377, 0377, 0377, 0377,
X	0377, 0377, 0377, 0377, 0377, 0377, 0377, 0377, 0377, 0377,
X	0377, 0377, 0377, 0377, 0377, 0377, 0377, 0377, 0377, 0377,
X	0377, 0377, 0377, 0377, 0377, 0377, 0377, 0377, 0377, 0377,
X	0377, 0377, 0377, 0377, 0377, 0377, 0377, 0377, 0377, 0377,
X	0377, 0377, 0377, 0377, 0377, 0377, 0377, 0377, 0377, 0377,
X	0377, 0377, 0377, 0377, 0377, 0377, 0377, 0377, 0377, 0377,
X	0377, 0377, 0377, 0377, 0377, 0377, 0377, 0377, 0377, 0377,
X	0377, 0377, 0377, 0377, 0377, 0377, 0377, 0377, 0377, 0377,
X	0377, 0377, 0377, 0377, 0377, 0377, 0377, 0377, 0377, 0377,
X	0377, 0377, 0377, 0377, 0377, 0377, 0377, 0377, 0377, 0377,
X	0377, 0377, 0377, 0377, 0377, 0377, 0377, 0377, 0377, 0377,
X	0377, 0377, 0377, 0377, 0377, 0377, 0377, 0377, 0377, 0377,
X	0377, 0377, 0377, 0377, 0377, 0377, 0377, 0377, 0377, 0377,
X	0377, 0377, 0377, 0377, 0377, 0377, 0377, 0377, 0377, 0377,
X	0377, 0377, 0377, 0377, 0377, 0377, 0377, 0377, 0377, 0377,
X	0377, 0377, 0377, 0377, 0377, 0377, 0377, 0377, 0377, 0377,
X	0377, 0377, 0377, 0377, 0377, 0377, 0377, 0377, 0377, 0377,
X	0377, 0377, 0377, 0377, 0377, 0377, 0377, 0377, 0377, 0377,
X	0377, 0377, 0377, 0377, 0377, 0377, 0377, 0377, 0377, 0377,
X	0377, 0377, 0377, 0377, 0377, 0377, 0377, 0377, 0377, 0377,
X	0377, 0377, 0377, 0377, 0377, 0377, 0377, 0377, 0377, 0377,
X	0377, 0377, 0377, 0377, 0377, 0377, 0377, 0377, 0377, 0377,
X	0377, 0377, 0377, 0377, 0377, 0377, 0377, 0377, 0377, 0377,
X	0377, 0377, 0377, 0377, 0377, 0377, 0377, 0377, 0377, 0377,
X	0377, 0377, 0377, 0377, 0377, 0377, 0377, 0377, 0377, 0377,
X	0377, 0377, 0377, 0377, 0377, 0377, 0377, 0377, 0377, 0377,
X	0377, 0377, 0377, 0377, 0377, 0377, 0377, 0377, 0377, 0377,
X	0377, 0377, 0377, 0377, 0377, 0377, 0377, 0377, 0377, 0377,
X	0377, 0377, 0377, 0377, 0377, 0377, 0377, 0377, 0377, 0377,
X	0377, 0377, 0377, 0377, 0377, 0377, 0377, 0377, 0377, 0377,
X	0377, 0377, 0377, 0377, 0377, 0377, 0377, 0377, 0377, 0377,
X	0377, 0377, 0377, 0377, 0377, 0377, 0377, 0377, 0377, 0377,
X	0377, 0377, 0377, 0377, 0377, 0377, 0377, 0377, 0377, 0377,
X	0377, 0377, 0377, 0377, 0377, 0377, 0377, 0377, 0377, 0377,
X	0377, 0377, 0377, 0377, 0377, 0377, 0377, 0377, 0377, 0377,
X	0377, 0377, 0377, 0377, 0377, 0377, 0377, 0377, 0377, 0377,
X	0377, 0377, 0377, 0377, 0377, 0377, 0377, 0377, 0377, 0377,
X	0377, 0377, 0377, 0377, 0000, 0000, 0000, 0000, 0000, 0000,
X	0000, 0000, 0000, 0000, 0000, 0000, 0000, 0000, 0000, 0000,
X	0000, 0000, 0000, 0000, 0000, 0000, 0007, 0377, 
X	};
X/* bitmap for lb_7 */
X
X/* bitmap data */
X
Xstatic char lb_7_bits[] = {
X	0377, 0377, 0377, 0377, 0377, 0377, 0377, 0377, 0377, 0377,
X	0377, 0337, 0377, 0377, 0377, 0377, 0377, 0377, 0377, 0377,
X	0377, 0377, 0377, 0377, 0377, 0377, 0377, 0377, 0377, 0377,
X	0377, 0377, 0377, 0372, 0252, 0252, 0252, 0377, 0377, 0377,
X	0377, 0377, 0377, 0377, 0377, 0377, 0377, 0377, 0377, 0377,
X	0377, 0377, 0377, 0377, 0377, 0377, 0377, 0104, 0104, 0105,
X	0125, 0127, 0377, 0377, 0377, 0377, 0377, 0377, 0377, 0377,
X	0377, 0377, 0377, 0377, 0377, 0377, 0377, 0377, 0377, 0377,
X	0352, 0252, 0252, 0252, 0252, 0256, 0377, 0377, 0377, 0377,
X	0377, 0377, 0377, 0377, 0377, 0377, 0377, 0377, 0377, 0377,
X	0377, 0377, 0377, 0377, 0000, 0000, 0000, 0021, 0021, 0125,
X	0127, 0377, 0377, 0377, 0377, 0377, 0377, 0377, 0377, 0377,
X	0377, 0377, 0377, 0377, 0377, 0377, 0377, 0372, 0252, 0252,
X	0252, 0252, 0252, 0252, 0273, 0377, 0377, 0377, 0377, 0377,
X	0377, 0377, 0377, 0377, 0377, 0377, 0377, 0377, 0377, 0377,
X	0377, 0300, 0000, 0000, 0000, 0104, 0104, 0125, 0125, 0137,
X	0377, 0377, 0377, 0377, 0377, 0377, 0377, 0377, 0377, 0377,
X	0377, 0377, 0377, 0377, 0377, 0252, 0252, 0252, 0252, 0252,
X	0252, 0252, 0256, 0377, 0377, 0377, 0377, 0377, 0377, 0377,
X	0377, 0377, 0377, 0377, 0377, 0377, 0377, 0377, 0370, 0000,
X	0000, 0000, 0000, 0000, 0001, 0021, 0025, 0125, 0377, 0377,
X	0377, 0377, 0377, 0377, 0377, 0377, 0377, 0377, 0377, 0377,
X	0377, 0377, 0352, 0042, 0042, 0042, 0052, 0252, 0252, 0252,
X	0252, 0253, 0377, 0377, 0377, 0377, 0377, 0377, 0377, 0377,
X	0377, 0377, 0377, 0377, 0377, 0377, 0200, 0000, 0000, 0000,
X	0000, 0004, 0104, 0105, 0125, 0125, 0137, 0377, 0377, 0377,
X	0377, 0377, 0377, 0377, 0377, 0377, 0377, 0377, 0377, 0376,
X	0210, 0210, 0212, 0212, 0252, 0252, 0252, 0252, 0252, 0256,
X	0377, 0377, 0377, 0377, 0377, 0377, 0377, 0377, 0377, 0377,
X	0377, 0377, 0377, 0374, 0000, 0000, 0000, 0000, 0000, 0000,
X	0000, 0021, 0125, 0125, 0125, 0377, 0377, 0377, 0377, 0377,
X	0377, 0377, 0377, 0377, 0377, 0377, 0377, 0362, 0042, 0042,
X	0042, 0042, 0042, 0252, 0252, 0252, 0252, 0253, 0273, 0377,
X	0377, 0377, 0377, 0377, 0377, 0377, 0377, 0377, 0377, 0377,
X	0377, 0300, 0000, 0000, 0000, 0000, 0000, 0000, 0104, 0104,
X	0125, 0125, 0125, 0337, 0377, 0377, 0377, 0377, 0377, 0377,
X	0377, 0377, 0377, 0377, 0377, 0250, 0210, 0210, 0210, 0252,
X	0252, 0252, 0252, 0252, 0252, 0356, 0377, 0377, 0377, 0377,
X	0377, 0377, 0377, 0377, 0377, 0377, 0377, 0377, 0376, 0000,
X	0000, 0000, 0000, 0000, 0000, 0000, 0000, 0001, 0025, 0125,
X	0125, 0127, 0377, 0377, 0377, 0377, 0377, 0377, 0377, 0377,
X	0377, 0377, 0376, 0002, 0000, 0002, 0002, 0042, 0042, 0052,
X	0252, 0252, 0252, 0252, 0273, 0277, 0377, 0377, 0377, 0377,
X	0377, 0377, 0377, 0377, 0377, 0377, 0360, 0000, 0000, 0000,
X	0000, 0000, 0000, 0000, 0004, 0104, 0125, 0125, 0125, 0135,
X	0377, 0377, 0377, 0377, 0377, 0377, 0377, 0377, 0377, 0377,
X	0350, 0210, 0210, 0210, 0210, 0212, 0212, 0252, 0252, 0252,
X	0252, 0256, 0357, 0377, 0377, 0377, 0377, 0377, 0377, 0377,
X	0377, 0377, 0377, 0377, 0300, 0000, 0000, 0000, 0000, 0000,
X	0000, 0000, 0000, 0021, 0021, 0125, 0125, 0125, 0177, 0377,
X	0377, 0377, 0377, 0377, 0377, 0377, 0377, 0377, 0240, 0000,
X	0000, 0000, 0042, 0042, 0042, 0252, 0252, 0252, 0252, 0252,
X	0273, 0277, 0377, 0377, 0377, 0377, 0377, 0377, 0377, 0377,
X	0377, 0377, 0000, 0000, 0000, 0000, 0000, 0000, 0000, 0000,
X	0104, 0104, 0125, 0125, 0125, 0125, 0337, 0377, 0377, 0377,
X	0377, 0377, 0377, 0377, 0377, 0376, 0210, 0210, 0210, 0210,
X	0210, 0210, 0252, 0252, 0252, 0252, 0252, 0252, 0356, 0377,
X	0377, 0377, 0377, 0377, 0377, 0377, 0377, 0377, 0377, 0370,
X	0000, 0000, 0000, 0000, 0000, 0000, 0000, 0000, 0000, 0001,
X	0021, 0025, 0125, 0125, 0127, 0377, 0377, 0377, 0377, 0377,
X	0377, 0377, 0377, 0362, 0000, 0000, 0000, 0000, 0002, 0002,
X	0042, 0053, 0252, 0252, 0252, 0252, 0253, 0277, 0377, 0377,
X	0377, 0377, 0377, 0377, 0377, 0377, 0377, 0340, 0000, 0000,
X	0000, 0000, 0000, 0000, 0000, 0001, 0004, 0104, 0105, 0125,
X	0125, 0125, 0137, 0377, 0377, 0377, 0377, 0377, 0377, 0377,
X	0377, 0310, 0210, 0010, 0010, 0010, 0210, 0210, 0212, 0253,
X	0252, 0352, 0252, 0252, 0356, 0377, 0377, 0377, 0377, 0377,
X	0377, 0377, 0377, 0377, 0377, 0200, 0000, 0000, 0000, 0000,
X	0000, 0024, 0000, 0025, 0120, 0121, 0021, 0125, 0125, 0125,
X	0127, 0177, 0377, 0377, 0377, 0377, 0377, 0377, 0377, 0040,
X	0000, 0000, 0000, 0000, 0053, 0372, 0042, 0077, 0372, 0352,
X	0252, 0252, 0273, 0273, 0377, 0377, 0377, 0377, 0377, 0377,
X	0377, 0377, 0376, 0000, 0000, 0000, 0000, 0000, 0025, 0124,
X	0000, 0125, 0120, 0104, 0135, 0125, 0125, 0125, 0135, 0377,
X	0377, 0377, 0377, 0377, 0377, 0377, 0376, 0210, 0200, 0200,
X	0200, 0210, 0237, 0370, 0252, 0376, 0276, 0352, 0377, 0352,
X	0356, 0377, 0377, 0377, 0377, 0377, 0377, 0377, 0377, 0377,
X	0374, 0000, 0000, 0000, 0000, 0000, 0025, 0120, 0000, 0124,
X	0024, 0101, 0025, 0125, 0125, 0125, 0127, 0177, 0377, 0377,
X	0377, 0377, 0377, 0377, 0372, 0000, 0000, 0000, 0000, 0000,
X	0073, 0242, 0042, 0276, 0276, 0352, 0277, 0377, 0253, 0273,
X	0377, 0377, 0377, 0377, 0377, 0377, 0377, 0377, 0360, 0000,
X	0000, 0000, 0100, 0000, 0025, 0100, 0001, 0120, 0005, 0124,
X	0135, 0335, 0325, 0125, 0135, 0337, 0377, 0377, 0377, 0377,
X	0377, 0377, 0350, 0210, 0000, 0001, 0310, 0010, 0377, 0310,
X	0213, 0372, 0257, 0372, 0257, 0377, 0356, 0357, 0377, 0377,
X	0377, 0377, 0377, 0377, 0377, 0377, 0300, 0000, 0000, 0005,
X	0100, 0000, 0125, 0100, 0001, 0120, 0005, 0121, 0021, 0165,
X	0165, 0125, 0125, 0167, 0377, 0377, 0377, 0377, 0377, 0377,
X	0340, 0000, 0000, 0073, 0200, 0000, 0073, 0342, 0043, 0342,
X	0253, 0372, 0253, 0377, 0373, 0273, 0377, 0377, 0377, 0377,
X	0377, 0377, 0377, 0377, 0200, 0000, 0000, 0125, 0000, 0000,
X	0125, 0000, 0005, 0100, 0001, 0324, 0125, 0335, 0335, 0125,
X	0125, 0377, 0377, 0377, 0377, 0377, 0377, 0377, 0210, 0200,
X	0001, 0377, 0200, 0211, 0377, 0210, 0257, 0352, 0253, 0372,
X	0253, 0376, 0377, 0377, 0377, 0377, 0377, 0377, 0377, 0377,
X	0377, 0377, 0000, 0000, 0001, 0125, 0000, 0001, 0125, 0000,
X	0005, 0100, 0001, 0121, 0021, 0125, 0127, 0125, 0125, 0167,
X	0377, 0377, 0377, 0377, 0377, 0376, 0000, 0000, 0003, 0273,
X	0000, 0001, 0273, 0002, 0057, 0252, 0253, 0372, 0253, 0376,
X	0257, 0273, 0277, 0377, 0377, 0377, 0377, 0377, 0377, 0374,
X	0000, 0000, 0001, 0125, 0000, 0001, 0125, 0000, 0005, 0100,
X	0005, 0134, 0105, 0335, 0135, 0325, 0135, 0337, 0377, 0377,
X	0377, 0377, 0377, 0374, 0210, 0000, 0003, 0357, 0010, 0011,
X	0377, 0210, 0237, 0352, 0253, 0372, 0253, 0376, 0257, 0357,
X	0377, 0377, 0377, 0377, 0377, 0377, 0377, 0370, 0000, 0000,
X	0001, 0124, 0000, 0001, 0125, 0000, 0025, 0100, 0000, 0121,
X	0021, 0165, 0127, 0165, 0125, 0167, 0377, 0377, 0377, 0377,
X	0377, 0372, 0000, 0000, 0001, 0272, 0000, 0002, 0273, 0042,
X	0073, 0352, 0252, 0372, 0252, 0377, 0253, 0373, 0377, 0377,
X	0377, 0377, 0377, 0377, 0377, 0360, 0000, 0000, 0001, 0125,
X	0000, 0004, 0124, 0000, 0025, 0000, 0104, 0124, 0125, 0335,
X	0125, 0335, 0125, 0337, 0377, 0377, 0377, 0377, 0377, 0350,
X	0200, 0200, 0003, 0376, 0200, 0216, 0376, 0210, 0377, 0252,
X	0252, 0276, 0252, 0377, 0357, 0377, 0377, 0377, 0377, 0377,
X	0377, 0377, 0377, 0340, 0000, 0000, 0001, 0124, 0000, 0005,
X	0124, 0000, 0125, 0000, 0000, 0025, 0021, 0127, 0125, 0165,
X	0125, 0167, 0177, 0377, 0377, 0377, 0377, 0340, 0000, 0000,
X	0003, 0272, 0000, 0011, 0272, 0042, 0077, 0252, 0252, 0276,
X	0252, 0377, 0253, 0377, 0277, 0377, 0377, 0377, 0377, 0377,
X	0377, 0300, 0000, 0000, 0001, 0124, 0000, 0005, 0124, 0000,
X	0125, 0000, 0004, 0134, 0105, 0135, 0325, 0337, 0135, 0337,
X	0377, 0377, 0377, 0377, 0377, 0210, 0010, 0000, 0003, 0354,
X	0010, 0015, 0376, 0212, 0377, 0252, 0252, 0276, 0252, 0377,
X	0356, 0377, 0377, 0377, 0377, 0377, 0377, 0377, 0377, 0200,
X	0000, 0000, 0005, 0124, 0000, 0005, 0124, 0000, 0125, 0000,
X	0000, 0025, 0021, 0165, 0125, 0167, 0125, 0167, 0377, 0377,
X	0377, 0377, 0377, 0240, 0000, 0000, 0003, 0270, 0000, 0031,
X	0272, 0042, 0177, 0252, 0252, 0276, 0252, 0377, 0373, 0377,
X	0377, 0377, 0377, 0377, 0377, 0377, 0377, 0000, 0000, 0000,
X	0005, 0124, 0000, 0021, 0124, 0000, 0125, 0000, 0104, 0104,
X	0125, 0135, 0325, 0175, 0125, 0337, 0377, 0377, 0377, 0377,
X	0377, 0210, 0200, 0200, 0205, 0374, 0210, 0273, 0374, 0252,
X	0377, 0252, 0252, 0256, 0252, 0277, 0356, 0377, 0377, 0377,
X	0377, 0377, 0377, 0377, 0376, 0000, 0000, 0000, 0005, 0124,
X	0000, 0021, 0124, 0000, 0125, 0000, 0001, 0025, 0021, 0027,
X	0125, 0127, 0125, 0167, 0177, 0377, 0377, 0377, 0376, 0000,
X	0000, 0000, 0011, 0270, 0000, 0063, 0272, 0042, 0277, 0052,
X	0252, 0256, 0252, 0277, 0353, 0277, 0377, 0377, 0377, 0377,
X	0377, 0377, 0374, 0000, 0000, 0000, 0001, 0120, 0000, 0021,
X	0124, 0000, 0125, 0000, 0004, 0105, 0125, 0135, 0325, 0137,
X	0335, 0337, 0377, 0377, 0377, 0377, 0376, 0210, 0010, 0000,
X	0013, 0350, 0010, 0273, 0374, 0212, 0377, 0252, 0252, 0256,
X	0252, 0277, 0356, 0377, 0377, 0377, 0377, 0377, 0377, 0377,
X	0374, 0000, 0000, 0000, 0021, 0120, 0000, 0021, 0124, 0000,
X	0125, 0000, 0000, 0025, 0021, 0165, 0165, 0127, 0165, 0167,
X	0377, 0377, 0377, 0377, 0372, 0040, 0000, 0000, 0033, 0270,
X	0000, 0043, 0372, 0043, 0376, 0252, 0252, 0256, 0252, 0277,
X	0373, 0277, 0377, 0377, 0377, 0377, 0377, 0377, 0370, 0000,
X	0000, 0000, 0025, 0124, 0000, 0105, 0124, 0001, 0124, 0000,
X	0104, 0125, 0125, 0135, 0325, 0135, 0375, 0377, 0377, 0377,
X	0377, 0377, 0370, 0210, 0200, 0200, 0227, 0370, 0210, 0317,
X	0374, 0253, 0376, 0252, 0252, 0252, 0252, 0377, 0376, 0377,
X	0377, 0377, 0377, 0377, 0377, 0377, 0360, 0000, 0000, 0000,
X	0021, 0120, 0000, 0105, 0124, 0001, 0124, 0000, 0001, 0021,
X	0025, 0127, 0125, 0127, 0165, 0167, 0177, 0377, 0377, 0377,
X	0372, 0000, 0000, 0000, 0063, 0270, 0000, 0203, 0276, 0043,
X	0276, 0252, 0252, 0252, 0252, 0277, 0373, 0277, 0377, 0377,
X	0377, 0377, 0377, 0377, 0360, 0000, 0000, 0000, 0021, 0120,
X	0000, 0105, 0120, 0001, 0124, 0004, 0104, 0105, 0125, 0135,
X	0325, 0127, 0335, 0337, 0377, 0377, 0377, 0377, 0352, 0210,
X	0210, 0010, 0057, 0370, 0210, 0317, 0372, 0253, 0376, 0252,
X	0252, 0252, 0252, 0277, 0377, 0377, 0377, 0377, 0377, 0377,
X	0377, 0377, 0340, 0000, 0000, 0000, 0005, 0124, 0000, 0105,
X	0120, 0001, 0124, 0000, 0021, 0021, 0125, 0127, 0165, 0127,
X	0165, 0167, 0377, 0377, 0377, 0377, 0342, 0040, 0000, 0000,
X	0043, 0270, 0041, 0343, 0372, 0043, 0376, 0252, 0252, 0252,
X	0252, 0277, 0373, 0377, 0377, 0377, 0377, 0377, 0377, 0377,
X	0340, 0000, 0000, 0000, 0101, 0120, 0001, 0005, 0120, 0001,
X	0124, 0104, 0104, 0125, 0125, 0135, 0335, 0137, 0375, 0377,
X	0377, 0377, 0377, 0377, 0350, 0210, 0210, 0210, 0353, 0370,
X	0213, 0217, 0372, 0253, 0376, 0252, 0252, 0252, 0252, 0357,
X	0377, 0377, 0377, 0377, 0377, 0377, 0377, 0377, 0300, 0000,
X	0000, 0000, 0101, 0120, 0001, 0005, 0120, 0001, 0124, 0001,
X	0001, 0021, 0025, 0127, 0165, 0127, 0167, 0167, 0377, 0377,
X	0377, 0377, 0342, 0002, 0000, 0000, 0043, 0272, 0003, 0057,
X	0272, 0057, 0376, 0252, 0252, 0252, 0252, 0257, 0373, 0277,
X	0377, 0377, 0377, 0377, 0377, 0377, 0300, 0000, 0000, 0000,
X	0105, 0120, 0001, 0005, 0120, 0005, 0124, 0004, 0105, 0125,
X	0125, 0135, 0335, 0127, 0375, 0337, 0377, 0377, 0377, 0377,
X	0352, 0210, 0210, 0210, 0357, 0374, 0213, 0217, 0372, 0257,
X	0376, 0252, 0252, 0252, 0256, 0357, 0377, 0377, 0377, 0377,
X	0377, 0377, 0377, 0377, 0300, 0000, 0000, 0000, 0105, 0124,
X	0001, 0005, 0120, 0005, 0124, 0021, 0021, 0021, 0125, 0127,
X	0165, 0127, 0167, 0167, 0377, 0377, 0377, 0377, 0242, 0040,
X	0040, 0040, 0043, 0372, 0043, 0053, 0372, 0257, 0376, 0252,
X	0252, 0252, 0252, 0277, 0373, 0377, 0377, 0377, 0377, 0377,
X	0377, 0377, 0300, 0000, 0000, 0000, 0105, 0124, 0005, 0005,
X	0120, 0005, 0124, 0104, 0125, 0125, 0125, 0135, 0375, 0127,
X	0375, 0377, 0377, 0377, 0377, 0377, 0252, 0210, 0210, 0210,
X	0313, 0374, 0217, 0257, 0372, 0257, 0376, 0252, 0252, 0252,
X	0356, 0357, 0377, 0377, 0377, 0377, 0377, 0377, 0377, 0377,
X	0200, 0000, 0000, 0000, 0101, 0120, 0005, 0005, 0120, 0005,
X	0124, 0001, 0021, 0025, 0125, 0127, 0165, 0127, 0167, 0177,
X	0377, 0377, 0377, 0377, 0242, 0042, 0002, 0002, 0203, 0272,
X	0046, 0057, 0272, 0057, 0376, 0252, 0252, 0252, 0252, 0257,
X	0377, 0377, 0377, 0377, 0377, 0377, 0377, 0377, 0200, 0000,
X	0000, 0000, 0101, 0120, 0004, 0005, 0120, 0005, 0124, 0104,
X	0105, 0125, 0125, 0135, 0335, 0137, 0377, 0377, 0377, 0377,
X	0377, 0377, 0252, 0210, 0210, 0210, 0313, 0370, 0216, 0217,
X	0372, 0257, 0376, 0252, 0252, 0252, 0256, 0357, 0377, 0377,
X	0377, 0377, 0377, 0377, 0377, 0377, 0200, 0000, 0000, 0000,
X	0101, 0120, 0004, 0005, 0120, 0005, 0124, 0021, 0021, 0125,
X	0125, 0127, 0165, 0127, 0167, 0177, 0377, 0377, 0377, 0377,
X	0242, 0042, 0042, 0042, 0343, 0372, 0052, 0057, 0372, 0257,
X	0376, 0252, 0252, 0252, 0252, 0277, 0377, 0377, 0377, 0377,
X	0377, 0377, 0377, 0377, 0300, 0000, 0000, 0000, 0101, 0124,
X	0004, 0005, 0120, 0105, 0324, 0104, 0125, 0125, 0125, 0135,
X	0375, 0377, 0337, 0377, 0377, 0377, 0377, 0377, 0252, 0250,
X	0250, 0210, 0313, 0374, 0256, 0257, 0372, 0257, 0376, 0252,
X	0252, 0252, 0356, 0377, 0377, 0377, 0377, 0377, 0377, 0377,
X	0377, 0377, 0200, 0000, 0000, 0000, 0101, 0124, 0004, 0005,
X	0120, 0005, 0125, 0021, 0021, 0025, 0125, 0127, 0165, 0167,
X	0167, 0177, 0377, 0377, 0377, 0377, 0252, 0042, 0042, 0042,
X	0243, 0276, 0072, 0057, 0372, 0257, 0376, 0252, 0252, 0252,
X	0253, 0277, 0377, 0377, 0377, 0377, 0377, 0377, 0377, 0377,
X	0100, 0000, 0000, 0000, 0101, 0124, 0020, 0005, 0120, 0005,
X	0134, 0105, 0125, 0125, 0125, 0135, 0337, 0377, 0337, 0377,
X	0377, 0377, 0377, 0377, 0252, 0252, 0212, 0212, 0313, 0376,
X	0272, 0257, 0372, 0257, 0376, 0252, 0252, 0256, 0356, 0357,
X	0377, 0377, 0377, 0377, 0377, 0377, 0377, 0377, 0200, 0000,
X	0000, 0000, 0101, 0124, 0020, 0005, 0120, 0005, 0125, 0021,
X	0125, 0125, 0125, 0127, 0165, 0167, 0167, 0377, 0377, 0377,
X	0377, 0377, 0252, 0242, 0042, 0042, 0343, 0376, 0272, 0257,
X	0372, 0257, 0376, 0252, 0252, 0252, 0273, 0277, 0377, 0377,
X	0377, 0377, 0377, 0377, 0377, 0377, 0300, 0000, 0000, 0000,
X	0101, 0124, 0020, 0005, 0124, 0105, 0334, 0125, 0125, 0125,
X	0125, 0135, 0375, 0377, 0377, 0377, 0377, 0377, 0377, 0377,
X	0252, 0252, 0252, 0252, 0353, 0376, 0272, 0257, 0372, 0257,
X	0376, 0252, 0252, 0356, 0356, 0377, 0377, 0377, 0377, 0377,
X	0377, 0377, 0377, 0377, 0200, 0000, 0000, 0000, 0101, 0124,
X	0020, 0005, 0120, 0005, 0125, 0021, 0025, 0127, 0165, 0127,
X	0165, 0167, 0167, 0377, 0377, 0377, 0377, 0377, 0252, 0052,
X	0042, 0042, 0243, 0276, 0072, 0257, 0372, 0257, 0376, 0252,
X	0277, 0377, 0377, 0277, 0377, 0377, 0377, 0377, 0377, 0377,
X	0377, 0377, 0304, 0000, 0000, 0000, 0100, 0124, 0020, 0005,
X	0124, 0105, 0135, 0125, 0135, 0335, 0335, 0137, 0335, 0377,
X	0377, 0377, 0377, 0377, 0377, 0377, 0252, 0252, 0252, 0252,
X	0352, 0376, 0272, 0257, 0372, 0257, 0376, 0252, 0277, 0377,
X	0377, 0377, 0377, 0377, 0377, 0377, 0377, 0377, 0377, 0377,
X	0220, 0000, 0000, 0000, 0100, 0124, 0020, 0005, 0120, 0025,
X	0125, 0121, 0125, 0167, 0165, 0127, 0165, 0167, 0377, 0377,
X	0377, 0377, 0377, 0377, 0252, 0252, 0242, 0242, 0342, 0377,
X	0272, 0257, 0372, 0257, 0376, 0252, 0277, 0377, 0377, 0377,
X	0377, 0377, 0377, 0377, 0377, 0377, 0377, 0377, 0304, 0100,
X	0000, 0000, 0100, 0125, 0020, 0105, 0324, 0105, 0335, 0125,
X	0135, 0335, 0335, 0137, 0375, 0377, 0377, 0377, 0377, 0377,
X	0377, 0377, 0252, 0252, 0252, 0252, 0352, 0377, 0272, 0257,
X	0372, 0257, 0376, 0252, 0377, 0377, 0377, 0377, 0377, 0377,
X	0377, 0377, 0377, 0377, 0377, 0377, 0320, 0000, 0000, 0000,
X	0100, 0125, 0020, 0005, 0121, 0021, 0125, 0025, 0125, 0127,
X	0125, 0127, 0167, 0177, 0177, 0377, 0377, 0377, 0377, 0377,
X	0352, 0252, 0252, 0052, 0152, 0377, 0272, 0257, 0372, 0253,
X	0376, 0252, 0253, 0377, 0373, 0277, 0377, 0377, 0377, 0377,
X	0377, 0377, 0377, 0377, 0304, 0004, 0000, 0000, 0100, 0125,
X	0024, 0105, 0134, 0105, 0335, 0125, 0125, 0335, 0325, 0137,
X	0375, 0377, 0377, 0377, 0377, 0377, 0377, 0377, 0352, 0252,
X	0252, 0252, 0352, 0377, 0272, 0257, 0372, 0253, 0376, 0252,
X	0257, 0377, 0377, 0377, 0377, 0377, 0377, 0377, 0377, 0377,
X	0377, 0377, 0320, 0000, 0000, 0000, 0100, 0125, 0020, 0025,
X	0121, 0021, 0125, 0125, 0125, 0167, 0125, 0127, 0167, 0177,
X	0377, 0377, 0377, 0377, 0377, 0377, 0352, 0252, 0252, 0252,
X	0352, 0277, 0272, 0257, 0372, 0253, 0376, 0252, 0273, 0377,
X	0273, 0377, 0377, 0377, 0377, 0377, 0377, 0377, 0377, 0377,
X	0364, 0104, 0100, 0100, 0100, 0125, 0324, 0105, 0334, 0125,
X	0335, 0125, 0125, 0335, 0325, 0337, 0375, 0377, 0377, 0377,
X	0377, 0377, 0377, 0377, 0352, 0252, 0252, 0252, 0252, 0277,
X	0372, 0257, 0372, 0253, 0376, 0356, 0356, 0377, 0377, 0377,
X	0377, 0377, 0377, 0377, 0377, 0377, 0377, 0377, 0361, 0000,
X	0000, 0000, 0000, 0025, 0121, 0005, 0121, 0021, 0125, 0125,
X	0125, 0167, 0125, 0127, 0167, 0177, 0377, 0377, 0377, 0377,
X	0377, 0377, 0352, 0252, 0252, 0252, 0272, 0277, 0372, 0257,
X	0372, 0253, 0377, 0252, 0253, 0377, 0277, 0377, 0377, 0377,
X	0377, 0377, 0377, 0377, 0377, 0377, 0365, 0104, 0104, 0104,
X	0124, 0135, 0124, 0105, 0135, 0125, 0335, 0125, 0125, 0335,
X	0325, 0137, 0377, 0377, 0377, 0377, 0377, 0377, 0377, 0377,
X	0372, 0252, 0252, 0252, 0272, 0277, 0372, 0257, 0376, 0253,
X	0377, 0256, 0357, 0377, 0377, 0377, 0377, 0377, 0377, 0377,
X	0377, 0377, 0377, 0377, 0365, 0021, 0020, 0020, 0020, 0025,
X	0121, 0025, 0125, 0125, 0165, 0125, 0125, 0167, 0125, 0167,
X	0367, 0377, 0377, 0377, 0377, 0377, 0377, 0377, 0372, 0252,
X	0252, 0252, 0272, 0257, 0372, 0257, 0376, 0253, 0377, 0273,
X	0273, 0377, 0377, 0377, 0377, 0377, 0377, 0377, 0377, 0377,
X	0377, 0377, 0375, 0124, 0104, 0104, 0124, 0105, 0324, 0125,
X	0335, 0125, 0335, 0125, 0125, 0375, 0125, 0337, 0377, 0377,
X	0377, 0377, 0377, 0377, 0377, 0377, 0376, 0252, 0252, 0252,
X	0272, 0257, 0372, 0257, 0376, 0252, 0377, 0356, 0377, 0377,
X	0377, 0377, 0377, 0377, 0377, 0377, 0377, 0377, 0377, 0377,
X	0375, 0021, 0021, 0001, 0021, 0025, 0121, 0021, 0125, 0125,
X	0127, 0125, 0125, 0167, 0125, 0167, 0167, 0377, 0377, 0377,
X	0377, 0377, 0377, 0377, 0376, 0252, 0252, 0252, 0252, 0257,
X	0372, 0253, 0376, 0252, 0377, 0253, 0273, 0377, 0377, 0377,
X	0377, 0377, 0377, 0377, 0377, 0377, 0377, 0377, 0375, 0125,
X	0104, 0104, 0114, 0105, 0135, 0125, 0335, 0125, 0335, 0125,
X	0125, 0337, 0135, 0377, 0377, 0377, 0377, 0377, 0377, 0377,
X	0377, 0377, 0376, 0252, 0252, 0252, 0256, 0253, 0372, 0253,
X	0376, 0256, 0377, 0357, 0377, 0377, 0377, 0377, 0377, 0377,
X	0377, 0377, 0377, 0377, 0377, 0377, 0377, 0121, 0021, 0021,
X	0025, 0021, 0121, 0121, 0165, 0125, 0167, 0125, 0125, 0167,
X	0125, 0167, 0377, 0377, 0377, 0377, 0377, 0377, 0377, 0377,
X	0377, 0252, 0252, 0252, 0256, 0253, 0372, 0253, 0376, 0252,
X	0377, 0273, 0273, 0377, 0377, 0377, 0377, 0377, 0377, 0377,
X	0377, 0377, 0377, 0377, 0377, 0125, 0125, 0125, 0135, 0125,
X	0335, 0125, 0335, 0125, 0135, 0125, 0125, 0377, 0335, 0377,
X	0377, 0377, 0377, 0377, 0377, 0377, 0377, 0377, 0377, 0352,
X	0252, 0252, 0256, 0253, 0372, 0253, 0376, 0356, 0377, 0377,
X	0377, 0377, 0377, 0377, 0377, 0377, 0377, 0377, 0377, 0377,
X	0377, 0377, 0377, 0325, 0021, 0021, 0025, 0021, 0125, 0025,
X	0127, 0125, 0167, 0125, 0125, 0167, 0127, 0177, 0177, 0377,
X	0377, 0377, 0377, 0377, 0377, 0377, 0377, 0252, 0252, 0252,
X	0256, 0252, 0372, 0253, 0376, 0253, 0377, 0273, 0277, 0377,
X	0377, 0377, 0377, 0377, 0377, 0377, 0377, 0377, 0377, 0377,
X	0377, 0325, 0125, 0125, 0125, 0125, 0335, 0125, 0335, 0125,
X	0135, 0325, 0125, 0377, 0337, 0377, 0377, 0377, 0377, 0377,
X	0377, 0377, 0377, 0377, 0377, 0356, 0252, 0252, 0257, 0252,
X	0372, 0257, 0376, 0356, 0377, 0377, 0377, 0377, 0377, 0377,
X	0377, 0377, 0377, 0377, 0377, 0377, 0377, 0377, 0377, 0365,
X	0125, 0125, 0125, 0125, 0165, 0125, 0167, 0125, 0167, 0125,
X	0125, 0167, 0167, 0377, 0377, 0377, 0377, 0377, 0377, 0377,
X	0377, 0377, 0377, 0372, 0252, 0252, 0253, 0252, 0272, 0252,
X	0376, 0273, 0277, 0377, 0377, 0377, 0377, 0377, 0377, 0377,
X	0377, 0377, 0377, 0377, 0377, 0377, 0377, 0365, 0125, 0125,
X	0135, 0325, 0135, 0125, 0335, 0125, 0135, 0365, 0335, 0377,
X	0377, 0377, 0377, 0377, 0377, 0377, 0377, 0377, 0377, 0377,
X	0377, 0376, 0356, 0352, 0357, 0352, 0376, 0356, 0377, 0376,
X	0377, 0377, 0377, 0377, 0377, 0377, 0377, 0377, 0377, 0377,
X	0377, 0377, 0377, 0377, 0377, 0375, 0125, 0125, 0127, 0125,
X	0125, 0125, 0127, 0125, 0127, 0165, 0127, 0167, 0167, 0177,
X	0377, 0377, 0377, 0377, 0377, 0377, 0377, 0377, 0377, 0377,
X	0252, 0252, 0257, 0372, 0276, 0253, 0377, 0273, 0277, 0377,
X	0377, 0377, 0377, 0377, 0377, 0377, 0377, 0377, 0377, 0377,
X	0377, 0377, 0377, 0375, 0125, 0125, 0125, 0335, 0135, 0125,
X	0135, 0125, 0127, 0325, 0137, 0377, 0377, 0377, 0377, 0377,
X	0377, 0377, 0377, 0377, 0377, 0377, 0377, 0377, 0356, 0356,
X	0357, 0376, 0356, 0356, 0377, 0357, 0377, 0377, 0377, 0377,
X	0377, 0377, 0377, 0377, 0377, 0377, 0377, 0377, 0377, 0377,
X	0377, 0377, 0125, 0125, 0125, 0167, 0125, 0125, 0167, 0125,
X	0127, 0165, 0167, 0367, 0377, 0377, 0377, 0377, 0377, 0377,
X	0377, 0377, 0377, 0377, 0377, 0377, 0373, 0272, 0272, 0277,
X	0277, 0273, 0377, 0273, 0377, 0377, 0377, 0377, 0377, 0377,
X	0377, 0377, 0377, 0377, 0377, 0377, 0377, 0377, 0377, 0377,
X	0325, 0125, 0125, 0125, 0125, 0125, 0375, 0325, 0127, 0375,
X	0337, 0377, 0377, 0377, 0377, 0377, 0377, 0377, 0377, 0377,
X	0377, 0377, 0377, 0377, 0376, 0356, 0356, 0356, 0356, 0377,
X	0377, 0377, 0377, 0377, 0377, 0377, 0377, 0377, 0377, 0377,
X	0377, 0377, 0377, 0377, 0377, 0377, 0377, 0377, 0325, 0125,
X	0125, 0125, 0127, 0125, 0167, 0165, 0125, 0167, 0177, 0167,
X	0177, 0377, 0377, 0377, 0377, 0377, 0377, 0377, 0377, 0377,
X	0377, 0377, 0377, 0273, 0273, 0273, 0273, 0273, 0377, 0377,
X	0377, 0377, 0377, 0377, 0377, 0377, 0377, 0377, 0377, 0377,
X	0377, 0377, 0377, 0377, 0377, 0377, 0375, 0125, 0125, 0125,
X	0125, 0125, 0337, 0325, 0135, 0375, 0337, 0377, 0377, 0377,
X	0377, 0377, 0377, 0377, 0377, 0377, 0377, 0377, 0377, 0377,
X	0377, 0377, 0357, 0357, 0357, 0377, 0377, 0377, 0377, 0377,
X	0377, 0377, 0377, 0377, 0377, 0377, 0377, 0377, 0377, 0377,
X	0377, 0377, 0377, 0377, 0375, 0125, 0125, 0125, 0125, 0125,
X	0127, 0165, 0125, 0167, 0367, 0377, 0377, 0377, 0377, 0377,
X	0377, 0377, 0377, 0377, 0377, 0377, 0377, 0377, 0377, 0373,
X	0373, 0273, 0273, 0373, 0377, 0377, 0377, 0377, 0377, 0377,
X	0377, 0377, 0377, 0377, 0377, 0377, 0377, 0377, 0377, 0377,
X	0377, 0377, 0377, 0325, 0125, 0125, 0125, 0125, 0125, 0335,
X	0335, 0377, 0377, 0377, 0377, 0377, 0377, 0377, 0377, 0377,
X	0377, 0377, 0377, 0377, 0377, 0377, 0377, 0377, 0377, 0377,
X	0377, 0377, 0377, 0377, 0377, 0377, 0377, 0377, 0377, 0377,
X	0377, 0377, 0377, 0377, 0377, 0377, 0377, 0377, 0377, 0377,
X	0377, 0325, 0125, 0125, 0125, 0125, 0125, 0127, 0127, 0167,
X	0177, 0377, 0377, 0377, 0377, 0377, 0377, 0377, 0377, 0377,
X	0377, 0377, 0377, 0377, 0377, 0377, 0377, 0377, 0377, 0377,
X	0377, 0377, 0377, 0377, 0377, 0377, 0377, 0377, 0377, 0377,
X	0377, 0377, 0377, 0377, 0377, 0377, 0377, 0377, 0377, 0375,
X	0135, 0125, 0125, 0135, 0135, 0335, 0337, 0377, 0377, 0377,
X	0377, 0377, 0377, 0377, 0377, 0377, 0377, 0377, 0377, 0377,
X	0377, 0377, 0377, 0377, 0377, 0377, 0377, 0377, 0377, 0377,
X	0377, 0377, 0377, 0377, 0377, 0377, 0377, 0377, 0377, 0377,
X	0377, 0377, 0377, 0377, 0377, 0377, 0377, 0377, 0165, 0125,
X	0125, 0125, 0165, 0167, 0167, 0367, 0377, 0377, 0377, 0377,
X	0377, 0377, 0377, 0377, 0377, 0377, 0377, 0377, 0377, 0377,
X	0377, 0377, 0377, 0377, 0377, 0377, 0377, 0377, 0377, 0377,
X	0377, 0377, 0377, 0377, 0377, 0377, 0377, 0377, 0377, 0377,
X	0377, 0377, 0377, 0377, 0377, 0377, 0375, 0335, 0335, 0335,
X	0335, 0377, 0377, 0377, 0377, 0377, 0377, 0377, 0377, 0377,
X	0377, 0377, 0377, 0377, 0377, 0377, 0377, 0377, 0377, 0377,
X	0377, 0377, 0377, 0377, 0377, 0377, 0377, 0377, 0377, 0377,
X	0377, 0377, 0377, 0377, 0377, 0377, 0377, 0377, 0377, 0377,
X	0377, 0377, 0377, 0377, 0367, 0167, 0127, 0127, 0167, 0167,
X	0177, 0377, 0377, 0377, 0377, 0377, 0377, 0377, 0377, 0377,
X	0377, 0377, 0377, 0377, 0377, 0377, 0377, 0377, 0377, 0377,
X	0377, 0377, 0377, 0377, 0377, 0377, 0377, 0377, 0377, 0377,
X	0377, 0377, 0377, 0377, 0377, 0377, 0377, 0377, 0377, 0377,
X	0377, 0377, 0377, 0337, 0335, 0337, 0337, 0377, 0377, 0377,
X	0377, 0377, 0377, 0377, 0377, 0377, 0377, 0377, 0377, 0377,
X	0377, 0377, 0377, 0377, 0377, 0377, 0377, 0377, 0377, 0377,
X	0377, 0377, 0377, 0377, 0377, 0377, 0377, 0377, 0377, 0377,
X	0377, 0377, 0377, 0377, 0377, 0377, 0377, 0377, 0377, 0377,
X	0377, 0367, 0167, 0167, 0367, 0377, 0377, 0377, 0377, 0377,
X	0377, 0377, 0377, 0377, 0377, 0377, 0377, 0377, 0377, 0377,
X	0377, 0377, 0377, 0377, 0377, 0377, 0377, 0377, 0377, 0377,
X	0377, 0377, 0377, 0377, 0377, 0377, 0377, 0377, 0377, 0377,
X	0377, 0377, 0377, 0377, 0377, 0377, 0377, 0377, 0377, 0377,
X	0377, 0377, 0377, 0377, 0377, 0377, 0377, 0377, 0377, 0377,
X	0377, 0377, 0377, 0377, 0377, 0377, 0377, 0377, 0377, 0377,
X	0377, 0377, 0377, 0377, 0377, 0377, 0377, 0377, 0377, 0377,
X	0377, 0377, 0377, 0377, 0377, 0377, 0377, 0377, 0377, 0377,
X	0377, 0377, 0377, 0377, 0377, 0377, 0377, 0377, 0377, 0377,
X	0377, 0377, 0377, 0377, 0377, 0377, 0377, 0377, 0377, 0377,
X	0377, 0377, 0377, 0377, 0377, 0377, 0377, 0377, 0377, 0377,
X	0377, 0377, 0377, 0377, 0377, 0377, 0377, 0377, 0377, 0377,
X	0377, 0377, 0377, 0377, 0377, 0377, 0377, 0377, 0377, 0377,
X	0377, 0377, 0377, 0377, 0377, 0377, 0377, 0377, 0377, 0377,
X	0377, 0377, 0377, 0377, 0377, 0377, 0377, 0377, 0377, 0377,
X	0377, 0377, 0377, 0377, 0377, 0377, 0377, 0377, 0377, 0377,
X	0377, 0377, 0377, 0377, 0377, 0377, 0377, 0377, 0377, 0377,
X	0377, 0377, 0377, 0377, 0377, 0377, 0377, 0377, 0377, 0377,
X	0377, 0377, 0377, 0377, 0377, 0377, 0377, 0377, 0377, 0377,
X	0377, 0377, 0377, 0377, 0377, 0377, 0377, 0377, 0377, 0377,
X	0377, 0377, 0377, 0377, 0377, 0377, 0377, 0377, 0377, 0377,
X	0377, 0377, 0377, 0377, 0377, 0377, 0377, 0377, 0377, 0377,
X	0377, 0377, 0377, 0377, 0377, 0377, 0377, 0377, 0377, 0377,
X	0377, 0377, 0377, 0377, 0377, 0377, 0377, 0377, 0377, 0377,
X	0377, 0377, 0377, 0377, 0377, 0377, 0377, 0377, 0377, 0377,
X	0377, 0377, 0377, 0377, 0377, 0377, 0377, 0377, 0377, 0377,
X	0377, 0377, 0377, 0377, 0377, 0377, 0377, 0377, 0377, 0377,
X	0377, 0377, 0377, 0377, 0377, 0377, 0377, 0377, 0377, 0377,
X	0377, 0377, 0377, 0377, 0377, 0377, 0377, 0377, 0377, 0377,
X	0377, 0377, 0377, 0377, 0377, 0377, 0377, 0377, 0377, 0377,
X	0377, 0377, 0377, 0377, 0377, 0377, 0377, 0377, 0377, 0377,
X	0377, 0377, 0377, 0377, 0377, 0377, 0377, 0377, 0377, 0377,
X	0377, 0377, 0377, 0377, 0377, 0377, 0377, 0377, 0377, 0377,
X	0377, 0377, 0377, 0377, 0377, 0377, 0377, 0377, 0377, 0377,
X	0377, 0377, 0377, 0377, 0377, 0377, 0377, 0377, 0377, 0377,
X	0377, 0377, 0377, 0377, 0377, 0377, 0377, 0377, 0377, 0377,
X	0377, 0377, 0377, 0377, 0377, 0377, 0377, 0377, 0377, 0377,
X	0377, 0377, 0377, 0377, 0377, 0377, 0377, 0377, 0377, 0377,
X	0377, 0377, 0377, 0377, 0377, 0377, 0377, 0377, 0377, 0377,
X	0377, 0377, 0377, 0377, 0000, 0000, 0000, 0000, 0000, 0000,
X	0000, 0000, 0000, 0000, 0000, 0000, 0000, 0000, 0000, 0000,
X	0000, 0000, 0000, 0000, 0000, 0000, 0007, 0377, 
X	};
X
Xbit_static(lb_0,181,181,lb_0_bits,1);
Xbit_static(lb_1,181,181,lb_1_bits,1);
Xbit_static(lb_2,181,181,lb_2_bits,1);
Xbit_static(lb_3,181,181,lb_3_bits,1);
Xbit_static(lb_4,181,181,lb_4_bits,1);
Xbit_static(lb_5,181,181,lb_5_bits,1);
Xbit_static(lb_6,181,181,lb_6_bits,1);
Xbit_static(lb_7,181,181,lb_7_bits,1);
END_OF_FILE
# end of 'src/copyright.h.6'
fi
echo shar: End of archive 54 \(of 61\).
cp /dev/null ark54isdone
MISSING=""
for I in 1 2 3 4 5 6 7 8 9 10 11 12 13 14 15 16 17 18 19 20 \
	21 22 23 24 25 26 27 28 29 30 31 32 33 34 35 36 37 \
	38 39 40 41 42 43 44 45 46 47 48 49 50 51 52 53 54 \
	55 56 57 58 59 60 61 ; do
    if test ! -f ark${I}isdone ; then
	MISSING="${MISSING} ${I}"
    fi
done
if test "${MISSING}" = "" ; then
    echo You have unpacked all 61 archives.
    rm -f ark[1-9]isdone ark[1-9][0-9]isdone
else
    echo You still need to unpack the following archives:
    echo "        " ${MISSING}
fi
##  End of shell archive.
exit 0
