Subject:  v17i050:  MGR, Bellcore window manager, Part49/61
Newsgroups: comp.sources.unix
Approved: rsalz@uunet.UU.NET

Submitted-by: Stephen A. Uhler <sau@bellcore.com>
Posting-number: Volume 17, Issue 50
Archive-name: mgr/part49




#! /bin/sh
# This is a shell archive.  Remove anything before this line, then unpack
# it by saving it into a file and typing "sh file".  To overwrite existing
# files, type "sh file -c".  You can also feed this as standard input via
# unshar, or by typing "sh <file", e.g..  If this archive is complete, you
# will see the following message at the end:
#		"End of archive 49 (of 61)."
# Contents:  lib/scribe.c.2
# Wrapped by rsalz@papaya.bbn.com on Thu Nov 17 21:05:57 1988
PATH=/bin:/usr/bin:/usr/ucb ; export PATH
if test -f 'lib/scribe.c.2' -a "${1}" != "-c" ; then 
  echo shar: Will not clobber existing file \"'lib/scribe.c.2'\"
else
echo shar: Extracting \"'lib/scribe.c.2'\" \(30978 characters\)
sed "s/^X//" >'lib/scribe.c.2' <<'END_OF_FILE'
X	1, 12, 4, 11, 5, 10, 6, 8, 6, 6, 5, 4, 4, 3, 0, 1,
X	0, -2, 31, 31, 1, 12, 3, 11, 4, 10, 5, 8, 5, 6, 4, 4,
X	2, 2, 31, 31, 0, -7, -1, -8, 0, -9, 1, -8, 0, -7};
Xstatic char c129[113] = {
X	55,-13, 14,			/*, 9, 53, _  */
X	5, 4, 4, 6, 2, 7, -1, 7, -3, 6, -4, 5, -5, 2, -5, -1,
X	-4, -3, -2, -4, 1, -4, 3, -3, 4, -1, 31, 31, -1, 7, -3, 5,
X	-4, 2, -4, -1, -3, -3, -2, -4, 31, 31, 5, 7, 4, -1, 4, -3,
X	6, -4, 8, -4, 10, -2, 11, 1, 11, 3, 10, 6, 9, 8, 7, 10,
X	5, 11, 2, 12, -1, 12, -4, 11, -6, 10, -8, 8, -9, 6, -10, 3,
X	-10, 0, -9, -3, -8, -5, -6, -7, -4, -8, -1, -9, 2, -9, 5, -8,
X	7, -7, 8, -6, 31, 31, 6, 7, 5, -1, 5, -3, 6, -4};
Xstatic char c130[37] = {
X	17,-10, 12,			/*, 4, 1, A  */
X	0, 12, -7, -9, 31, 31, 0, 12, 7, -9, 31, 31, 0, 9, 6, -9,
X	31, 31, -5, -4, 5, -4, 31, 31, -10, -9, -4, -9, 31, 31, 3, -9,
X	10, -9};
Xstatic char c131[91] = {
X	44,-11, 13,			/*, 4, 2, B  */
X	-6, 12, -6, -9, 31, 31, -5, 12, -5, -9, 31, 31, -9, 12, 3, 12,
X	6, 11, 7, 10, 8, 8, 8, 6, 7, 4, 6, 3, 3, 2, 31, 31,
X	3, 12, 5, 11, 6, 10, 7, 8, 7, 6, 6, 4, 5, 3, 3, 2,
X	31, 31, -5, 2, 3, 2, 6, 1, 7, 0, 8, -2, 8, -5, 7, -7,
X	6, -8, 3, -9, -9, -9, 31, 31, 3, 2, 5, 1, 6, 0, 7, -2,
X	7, -5, 6, -7, 5, -8, 3, -9};
Xstatic char c132[43] = {
X	20,-11, 13,			/*, 4, 3, C  */
X	-7, 12, 6, -9, 31, 31, -6, 12, 7, -9, 31, 31, 7, 12, -7, -9,
X	31, 31, -10, 12, -3, 12, 31, 31, 4, 12, 10, 12, 31, 31, -10, -9,
X	-4, -9, 31, 31, 3, -9, 10, -9};
Xstatic char c133[31] = {
X	14,-10, 12,			/*, 4, 4, D  */
X	0, 12, -8, -9, 31, 31, 0, 12, 8, -9, 31, 31, 0, 10, 7, -9,
X	31, 31, -7, -8, 7, -8, 31, 31, -8, -9, 8, -9};
Xstatic char c134[45] = {
X	21,-11, 12,			/*, 4, 5, E  */
X	-6, 12, -6, -9, 31, 31, -5, 12, -5, -9, 31, 31, 1, 6, 1, -2,
X	31, 31, -9, 12, 7, 12, 7, 7, 6, 12, 31, 31, -5, 2, 1, 2,
X	31, 31, -9, -9, 7, -9, 7, -4, 6, -9};
Xstatic char c135[97] = {
X	47,-10, 13,			/*, 4, 6, F  */
X	0, 12, 0, -9, 31, 31, 1, 12, 1, -9, 31, 31, -2, 7, -5, 6,
X	-6, 5, -7, 3, -7, 0, -6, -2, -5, -3, -2, -4, 3, -4, 6, -3,
X	7, -2, 8, 0, 8, 3, 7, 5, 6, 6, 3, 7, -2, 7, 31, 31,
X	-2, 7, -4, 6, -5, 5, -6, 3, -6, 0, -5, -2, -4, -3, -2, -4,
X	31, 31, 3, -4, 5, -3, 6, -2, 7, 0, 7, 3, 6, 5, 5, 6,
X	3, 7, 31, 31, -3, 12, 4, 12, 31, 31, -3, -9, 4, -9};
Xstatic char c136[29] = {
X	13,-10, 11,			/*, 4, 7, G  */
X	-5, 12, -5, -9, 31, 31, -4, 12, -4, -9, 31, 31, -8, 12, 7, 12,
X	7, 7, 6, 12, 31, 31, -8, -9, -1, -9};
Xstatic char c137[55] = {
X	26,-12, 14,			/*, 4, 8, H  */
X	-7, 12, -7, -9, 31, 31, -6, 12, -6, -9, 31, 31, 6, 12, 6, -9,
X	31, 31, 7, 12, 7, -9, 31, 31, -10, 12, -3, 12, 31, 31, 3, 12,
X	10, 12, 31, 31, -6, 2, 6, 2, 31, 31, -10, -9, -3, -9, 31, 31,
X	3, -9, 10, -9};
Xstatic char c138[25] = {
X	11,-5, 8,			/*, 4, 9, I  */
X	0, 12, 0, -9, 31, 31, 1, 12, 1, -9, 31, 31, -3, 12, 4, 12,
X	31, 31, -3, -9, 4, -9};
Xstatic char c139[3] = {
X	0,0, 2};			/*, 4, 10, J  */
Xstatic char c140[55] = {
X	26,-12, 13,			/*, 4, 11, K  */
X	-7, 12, -7, -9, 31, 31, -6, 12, -6, -9, 31, 31, 7, 12, -6, -1,
X	31, 31, -1, 3, 7, -9, 31, 31, -2, 3, 6, -9, 31, 31, -10, 12,
X	-3, 12, 31, 31, 4, 12, 10, 12, 31, 31, -10, -9, -3, -9, 31, 31,
X	3, -9, 10, -9};
Xstatic char c141[31] = {
X	14,-10, 12,			/*, 4, 12, L  */
X	0, 12, -7, -9, 31, 31, 0, 12, 7, -9, 31, 31, 0, 9, 6, -9,
X	31, 31, -10, -9, -4, -9, 31, 31, 3, -9, 10, -9};
Xstatic char c142[61] = {
X	29,-12, 15,			/*, 4, 13, M  */
X	-7, 12, -7, -9, 31, 31, -6, 12, 0, -6, 31, 31, -7, 12, 0, -9,
X	31, 31, 7, 12, 0, -9, 31, 31, 7, 12, 7, -9, 31, 31, 8, 12,
X	8, -9, 31, 31, -10, 12, -6, 12, 31, 31, 7, 12, 11, 12, 31, 31,
X	-10, -9, -4, -9, 31, 31, 4, -9, 11, -9};
Xstatic char c143[43] = {
X	20,-11, 14,			/*, 4, 14, N  */
X	-6, 12, -6, -9, 31, 31, -5, 12, 7, -7, 31, 31, -5, 10, 7, -9,
X	31, 31, 7, 12, 7, -9, 31, 31, -9, 12, -5, 12, 31, 31, 4, 12,
X	10, 12, 31, 31, -9, -9, -3, -9};
Xstatic char c144[89] = {
X	43,-11, 13,			/*, 4, 15, O  */
X	-1, 12, -4, 11, -6, 9, -7, 7, -8, 3, -8, 0, -7, -4, -6, -6,
X	-4, -8, -1, -9, 1, -9, 4, -8, 6, -6, 7, -4, 8, 0, 8, 3,
X	7, 7, 6, 9, 4, 11, 1, 12, -1, 12, 31, 31, -1, 12, -3, 11,
X	-5, 9, -6, 7, -7, 3, -7, 0, -6, -4, -5, -6, -3, -8, -1, -9,
X	31, 31, 1, -9, 3, -8, 5, -6, 6, -4, 7, 0, 7, 3, 6, 7,
X	5, 9, 3, 11, 1, 12};
Xstatic char c145[43] = {
X	20,-12, 14,			/*, 4, 16, P  */
X	-7, 12, -7, -9, 31, 31, -6, 12, -6, -9, 31, 31, 6, 12, 6, -9,
X	31, 31, 7, 12, 7, -9, 31, 31, -10, 12, 10, 12, 31, 31, -10, -9,
X	-3, -9, 31, 31, 3, -9, 10, -9};
Xstatic char c146[113] = {
X	55,-11, 13,			/*, 4, 17, Q  */
X	-1, 12, -4, 11, -6, 9, -7, 7, -8, 3, -8, 0, -7, -4, -6, -6,
X	-4, -8, -1, -9, 1, -9, 4, -8, 6, -6, 7, -4, 8, 0, 8, 3,
X	7, 7, 6, 9, 4, 11, 1, 12, -1, 12, 31, 31, -1, 12, -3, 11,
X	-5, 9, -6, 7, -7, 3, -7, 0, -6, -4, -5, -6, -3, -8, -1, -9,
X	31, 31, 1, -9, 3, -8, 5, -6, 6, -4, 7, 0, 7, 3, 6, 7,
X	5, 9, 3, 11, 1, 12, 31, 31, -3, 5, -3, -2, 31, 31, 3, 5,
X	3, -2, 31, 31, -3, 2, 3, 2, 31, 31, -3, 1, 3, 1};
Xstatic char c147[59] = {
X	28,-11, 13,			/*, 4, 18, R  */
X	-6, 12, -6, -9, 31, 31, -5, 12, -5, -9, 31, 31, -9, 12, 3, 12,
X	6, 11, 7, 10, 8, 8, 8, 5, 7, 3, 6, 2, 3, 1, -5, 1,
X	31, 31, 3, 12, 5, 11, 6, 10, 7, 8, 7, 5, 6, 3, 5, 2,
X	3, 1, 31, 31, -9, -9, -2, -9};
Xstatic char c148[39] = {
X	18,-10, 12,			/*, 4, 19, S  */
X	-7, 12, 0, 2, -8, -9, 31, 31, -8, 12, -1, 2, 31, 31, -8, 12,
X	6, 12, 7, 8, 5, 12, 31, 31, -7, -8, 6, -8, 31, 31, -8, -9,
X	6, -9, 7, -5};
Xstatic char c149[33] = {
X	15,-9, 12,			/*, 4, 20, T  */
X	0, 12, 0, -9, 31, 31, 1, 12, 1, -9, 31, 31, -6, 12, -7, 7,
X	-7, 12, 8, 12, 8, 7, 7, 12, 31, 31, -3, -9, 4, -9};
Xstatic char c150[47] = {
X	22,-9, 12,			/*, 4, 21, U  */
X	-7, 7, -7, 9, -6, 11, -5, 12, -3, 12, -2, 11, -1, 9, 0, 5,
X	0, -9, 31, 31, 8, 7, 8, 9, 7, 11, 6, 12, 4, 12, 3, 11,
X	2, 9, 1, 5, 1, -9, 31, 31, -3, -9, 4, -9};
Xstatic char c151[3] = {
X	0,0, 2};			/*, 4, 22, V  */
Xstatic char c152[87] = {
X	42,-11, 13,			/*, 4, 23, W  */
X	-8, -6, -7, -9, -3, -9, -5, -5, -7, -2, -8, 2, -8, 6, -7, 9,
X	-5, 11, -2, 12, 2, 12, 5, 11, 7, 9, 8, 6, 8, 2, 7, -2,
X	5, -5, 3, -9, 7, -9, 8, -6, 31, 31, -5, -5, -6, -2, -7, 2,
X	-7, 6, -6, 9, -4, 11, -2, 12, 31, 31, 2, 12, 4, 11, 6, 9,
X	7, 6, 7, 2, 6, -2, 5, -5, 31, 31, -7, -8, -4, -8, 31, 31,
X	4, -8, 7, -8};
Xstatic char c153[73] = {
X	35,-11, 13,			/*, 4, 24, X  */
X	-7, 13, -8, 8, 31, 31, 8, 13, 7, 8, 31, 31, -3, 4, -4, -1,
X	31, 31, 4, 4, 3, -1, 31, 31, -7, -5, -8, -10, 31, 31, 8, -5,
X	7, -10, 31, 31, -7, 11, 7, 11, 31, 31, -7, 10, 7, 10, 31, 31,
X	-3, 2, 3, 2, 31, 31, -3, 1, 3, 1, 31, 31, -7, -7, 7, -7,
X	31, 31, -7, -8, 7, -8};
Xstatic char c154[83] = {
X	40,-11, 14,			/*, 4, 25, Y  */
X	0, 12, 0, -9, 31, 31, 1, 12, 1, -9, 31, 31, -9, 5, -8, 6,
X	-6, 5, -5, 1, -4, -1, -3, -2, -1, -3, 31, 31, -8, 6, -7, 5,
X	-6, 1, -5, -1, -4, -2, -1, -3, 2, -3, 5, -2, 6, -1, 7, 1,
X	8, 5, 9, 6, 31, 31, 2, -3, 4, -2, 5, -1, 6, 1, 7, 5,
X	9, 6, 10, 5, 31, 31, -3, 12, 4, 12, 31, 31, -3, -9, 4, -9};
Xstatic char c155[33] = {
X	15,-10, 12,			/*, 4, 26, Z  */
X	6, 12, -7, -9, 31, 31, 7, 12, -6, -9, 31, 31, -6, 12, -7, 7,
X	-7, 12, 7, 12, 31, 31, -7, -9, 7, -9, 7, -4, 6, -9};
Xstatic char c156[13] = {
X	5,-10, 10,			/*, box   */
X	-8, -8, -8, 8, 8, 8, 8, -8, -8, -8};
Xstatic char c157[93] = {
X	45,-8, 8,			/*, 9, 55, &  */
X	3, 9, 2, 8, 3, 7, 4, 8, 4, 9, 3, 11, 1, 12, -1, 12,
X	-3, 11, -4, 9, -4, 7, -3, 5, -1, 3, 4, 0, 31, 31, -3, 5,
X	2, 2, 4, 0, 5, -2, 5, -4, 4, -6, 2, -8, 31, 31, -2, 4,
X	-4, 2, -5, 0, -5, -2, -4, -4, -2, -6, 3, -9, 31, 31, -4, -4,
X	1, -7, 3, -9, 4, -11, 4, -13, 3, -15, 1, -16, -1, -16, -3, -15,
X	-4, -13, -4, -12, -3, -11, -2, -12, -3, -13};
Xstatic char c158[13] = {
X	5,-10, 10,			/*, diamond   */
X	-8, 0, 0, 8, 8, 0, 0, -8, -8, 0};
Xstatic char c159[29] = {
X	13,-7, 7,			/*, 9, 7, G  */
X	-1, 12, -3, 11, -4, 9, -4, 7, -3, 5, -1, 4, 1, 4, 3, 5,
X	4, 7, 4, 9, 3, 11, 1, 12, -1, 12};
Xstatic char c160[53] = {
X	25,-12, 13,			/*, 9, 50, ]  */
X	10, -1, 9, -3, 7, -4, 5, -4, 3, -3, 2, -2, -1, 2, -2, 3,
X	-4, 4, -6, 4, -8, 3, -9, 1, -9, -1, -8, -3, -6, -4, -4, -4,
X	-2, -3, -1, -2, 2, 2, 3, 3, 5, 4, 7, 4, 9, 3, 10, 1,
X	10, -1};
Xstatic char c161[15] = {
X	6,-6, 6,			/*, 9, 30, 3, */
X	-2, 12, 3, 6, 31, 31, -2, 12, -3, 11, 3, 6};
Xstatic char c162[81] = {
X	39,-11, 14,			/*, 3, 1, A  */
X	-1, 5, -4, 4, -6, 2, -7, 0, -8, -3, -8, -6, -7, -8, -4, -9,
X	-2, -9, 0, -8, 3, -5, 5, -2, 7, 2, 8, 5, 31, 31, -1, 5,
X	-3, 4, -5, 2, -6, 0, -7, -3, -7, -6, -6, -8, -4, -9, 31, 31,
X	-1, 5, 1, 5, 4, 4, 5, 1, 6, -5, 7, -8, 8, -9, 31, 31,
X	1, 5, 3, 4, 4, 1, 5, -5, 6, -8, 8, -9, 9, -9};
Xstatic char c163[115] = {
X	56,-11, 12,			/*, 3, 2, B  */
X	2, 12, -1, 11, -3, 9, -5, 5, -6, 2, -7, -2, -8, -8, -9, -16,
X	31, 31, 2, 12, 0, 11, -2, 9, -4, 5, -5, 2, -6, -2, -7, -8,
X	-8, -16, 31, 31, 2, 12, 4, 12, 6, 11, 7, 10, 7, 7, 6, 5,
X	5, 4, 2, 3, -1, 3, 31, 31, 4, 12, 6, 10, 6, 7, 5, 5,
X	4, 4, 2, 3, 31, 31, -1, 3, 2, 2, 4, 1, 5, 0, 6, -2,
X	6, -5, 5, -7, 4, -8, 1, -9, -2, -9, -4, -8, -5, -7, -6, -4,
X	31, 31, 2, 2, 4, 0, 5, -2, 5, -5, 4, -7, 3, -8, 1, -9};
Xstatic char c164[43] = {
X	20,-11, 12,			/*, 3, 3, C  */
X	-9, 5, -7, 5, -5, 4, -4, 3, 3, -14, 5, -16, 31, 31, -7, 5,
X	-5, 3, 2, -14, 3, -15, 5, -16, 7, -16, 31, 31, 8, 5, 7, 3,
X	4, -1, -6, -10, -9, -14, -10, -16};
Xstatic char c165[77] = {
X	37,-9, 12,			/*, 3, 4, D  */
X	4, 4, 2, 5, 0, 5, -3, 4, -5, 1, -6, -2, -6, -5, -5, -7,
X	-4, -8, -2, -9, 0, -9, 3, -8, 5, -5, 6, -2, 6, 1, 5, 3,
X	1, 7, 0, 9, 0, 11, 1, 12, 3, 12, 5, 11, 7, 9, 31, 31,
X	0, 5, -2, 4, -4, 1, -5, -2, -5, -6, -4, -8, 31, 31, 0, -9,
X	2, -8, 4, -5, 5, -2, 5, 2, 4, 4};
Xstatic char c166[51] = {
X	24,-9, 10,			/*, 3, 5, E  */
X	5, 4, 3, 5, 0, 5, -3, 4, -5, 2, -6, -1, -6, -4, -5, -7,
X	-4, -8, -1, -9, 2, -9, 4, -8, 31, 31, 0, 5, -2, 4, -4, 2,
X	-5, -1, -5, -4, -4, -7, -3, -8, -1, -9, 31, 31, -5, -2, 3, -2};
Xstatic char c167[85] = {
X	41,-11, 13,			/*, 3, 6, F  */
X	3, 12, -3, -16, 31, 31, 4, 12, -4, -16, 31, 31, -1, 5, -5, 4,
X	-7, 2, -8, -1, -8, -4, -7, -6, -5, -8, -2, -9, 1, -9, 5, -8,
X	7, -6, 8, -3, 8, 0, 7, 2, 5, 4, 2, 5, -1, 5, 31, 31,
X	-1, 5, -4, 4, -6, 2, -7, -1, -7, -4, -6, -6, -4, -8, -2, -9,
X	31, 31, 1, -9, 4, -8, 6, -6, 7, -3, 7, 0, 6, 2, 4, 4,
X	2, 5};
Xstatic char c168[59] = {
X	28,-9, 13,			/*, 3, 7, G  */
X	-8, 2, -6, 4, -4, 5, -3, 5, -1, 4, 0, 3, 1, 0, 1, -4,
X	0, -9, -2, -16, 31, 31, -7, 3, -5, 4, -2, 4, 0, 3, 31, 31,
X	9, 5, 8, 2, 5, -2, 2, -6, 0, -9, -2, -13, -3, -16, 31, 31,
X	8, 5, 7, 2, 5, -1, 2, -6};
Xstatic char c169[63] = {
X	30,-11, 13,			/*, 3, 8, H  */
X	-9, 1, -7, 4, -5, 5, -3, 4, -3, 2, -4, -2, -6, -9, 31, 31,
X	-5, 5, -4, 4, -4, 2, -5, -2, -7, -9, 31, 31, -4, -2, -2, 2,
X	0, 4, 2, 5, 4, 5, 6, 4, 7, 3, 7, 0, 6, -5, 3, -16,
X	31, 31, 4, 5, 6, 3, 6, 0, 5, -5, 2, -16};
Xstatic char c170[29] = {
X	13,-6, 8,			/*, 3, 9, I  */
X	0, 5, -2, -2, -3, -6, -3, -8, -1, -9, 1, -8, 3, -5, 31, 31,
X	1, 5, -1, -2, -2, -6, -2, -8, -1, -9};
Xstatic char c171[3] = {
X	0,0, 2};			/*, 3, 10, J  */
Xstatic char c172[53] = {
X	25,-10, 12,			/*, 3, 11, K  */
X	-4, 5, -8, -9, 31, 31, -3, 5, -7, -9, 31, 31, 7, 4, 6, 5,
X	5, 5, 3, 4, -1, 0, -3, -1, -5, -1, 31, 31, -3, -1, -1, -2,
X	2, -8, 3, -9, 31, 31, -3, -1, -2, -2, 1, -8, 3, -9, 5, -8,
X	7, -5};
Xstatic char c173[43] = {
X	20,-9, 13,			/*, 3, 12, L  */
X	-6, 12, -4, 12, -2, 11, -1, 10, 1, 5, 7, -8, 8, -9, 31, 31,
X	-4, 12, -2, 10, 0, 5, 6, -8, 8, -9, 9, -9, 31, 31, 0, 5,
X	-7, -9, 31, 31, 0, 5, -6, -9};
Xstatic char c174[55] = {
X	26,-11, 13,			/*, 3, 13, M  */
X	-5, 5, -11, -16, 31, 31, -4, 5, -10, -16, 31, 31, -5, 1, -6, -4,
X	-6, -7, -4, -9, -2, -9, 0, -8, 2, -6, 4, -2, 31, 31, 6, 5,
X	3, -6, 3, -8, 5, -9, 7, -8, 9, -5, 31, 31, 7, 5, 4, -6,
X	4, -8, 5, -9};
Xstatic char c175[49] = {
X	23,-10, 13,			/*, 3, 14, N  */
X	-4, 5, -6, -9, 31, 31, -3, 5, -4, -1, -5, -6, -6, -9, 31, 31,
X	7, 5, 6, 1, 4, -3, 31, 31, 8, 5, 7, 2, 6, 0, 4, -3,
X	2, -5, -1, -7, -3, -8, -6, -9, 31, 31, -7, 5, -3, 5};
Xstatic char c176[65] = {
X	31,-9, 11,			/*, 3, 15, O  */
X	0, 5, -3, 4, -5, 1, -6, -2, -6, -5, -5, -7, -4, -8, -2, -9,
X	0, -9, 3, -8, 5, -5, 6, -2, 6, 1, 5, 3, 4, 4, 2, 5,
X	0, 5, 31, 31, 0, 5, -2, 4, -4, 1, -5, -2, -5, -6, -4, -8,
X	31, 31, 0, -9, 2, -8, 4, -5, 5, -2, 5, 2, 4, 4};
Xstatic char c177[45] = {
X	21,-11, 13,			/*, 3, 16, P  */
X	-2, 4, -6, -9, 31, 31, -2, 4, -5, -9, 31, 31, 4, 4, 4, -9,
X	31, 31, 4, 4, 5, -9, 31, 31, -9, 2, -7, 4, -4, 5, 9, 5,
X	31, 31, -9, 2, -7, 3, -4, 4, 9, 4};
Xstatic char c178[87] = {
X	42,-9, 12,			/*, 3, 17, Q  */
X	2, 12, -1, 11, -3, 8, -4, 6, -5, 3, -6, -2, -6, -6, -5, -8,
X	-3, -9, -1, -9, 2, -8, 4, -5, 5, -3, 6, 0, 7, 5, 7, 9,
X	6, 11, 4, 12, 2, 12, 31, 31, 2, 12, 0, 11, -2, 8, -3, 6,
X	-4, 3, -5, -2, -5, -6, -4, -8, -3, -9, 31, 31, -1, -9, 1, -8,
X	3, -5, 4, -3, 5, 0, 6, 5, 6, 9, 5, 11, 4, 12, 31, 31,
X	-4, 2, 5, 2};
Xstatic char c179[63] = {
X	30,-10, 11,			/*, 3, 18, R  */
X	-6, -4, -5, -7, -4, -8, -2, -9, 0, -9, 3, -8, 5, -5, 6, -2,
X	6, 1, 5, 3, 4, 4, 2, 5, 0, 5, -3, 4, -5, 1, -6, -2,
X	-10, -16, 31, 31, 0, -9, 2, -8, 4, -5, 5, -2, 5, 2, 4, 4,
X	31, 31, 0, 5, -2, 4, -4, 1, -5, -2, -9, -16};
Xstatic char c180[71] = {
X	34,-10, 14,			/*, 3, 19, S  */
X	10, 5, -1, 5, -4, 4, -6, 1, -7, -2, -7, -5, -6, -7, -5, -8,
X	-3, -9, -1, -9, 2, -8, 4, -5, 5, -2, 5, 1, 4, 3, 3, 4,
X	1, 5, 31, 31, -1, 5, -3, 4, -5, 1, -6, -2, -6, -6, -5, -8,
X	31, 31, -1, -9, 1, -8, 3, -5, 4, -2, 4, 2, 3, 4, 31, 31,
X	3, 4, 10, 4};
Xstatic char c181[33] = {
X	15,-10, 12,			/*, 3, 20, T  */
X	1, 4, -2, -9, 31, 31, 1, 4, -1, -9, 31, 31, -8, 2, -6, 4,
X	-3, 5, 8, 5, 31, 31, -8, 2, -6, 3, -3, 4, 8, 4};
Xstatic char c182[51] = {
X	24,-11, 12,			/*, 3, 21, U  */
X	-9, 1, -7, 4, -5, 5, -3, 4, -3, 2, -5, -4, -5, -7, -3, -9,
X	31, 31, -5, 5, -4, 4, -4, 2, -6, -4, -6, -7, -5, -8, -3, -9,
X	-1, -9, 2, -8, 4, -6, 6, -3, 7, 1, 7, 5, 6, 5, 7, 3};
Xstatic char c183[3] = {
X	0,0, 2};			/*, 3, 22, V  */
Xstatic char c184[85] = {
X	41,-12, 13,			/*, 3, 23, W  */
X	-6, 4, -4, 4, -4, 5, -6, 4, -8, 1, -9, -2, -9, -5, -8, -8,
X	-7, -9, -5, -9, -3, -8, -1, -5, 0, -2, 31, 31, -9, -5, -8, -7,
X	-7, -8, -5, -8, -3, -7, -1, -5, 31, 31, -1, -2, -1, -5, 0, -8,
X	1, -9, 3, -9, 5, -8, 7, -5, 8, -2, 8, 1, 7, 4, 6, 5,
X	6, 4, 7, 4, 31, 31, -1, -5, 0, -7, 1, -8, 3, -8, 5, -7,
X	7, -5};
Xstatic char c185[91] = {
X	44,-9, 10,			/*, 3, 24, X  */
X	2, 12, 0, 11, -1, 10, -1, 9, 0, 8, 3, 7, 6, 7, 31, 31,
X	3, 7, -1, 6, -3, 5, -4, 3, -4, 1, -2, -1, 1, -2, 4, -2,
X	31, 31, 3, 7, 0, 6, -2, 5, -3, 3, -3, 1, -1, -1, 1, -2,
X	31, 31, 1, -2, -3, -3, -5, -4, -6, -6, -6, -8, -4, -10, 1, -12,
X	2, -13, 2, -15, 0, -16, -2, -16, 31, 31, 1, -2, -2, -3, -4, -4,
X	-5, -6, -5, -8, -3, -10, 1, -12};
Xstatic char c186[69] = {
X	33,-13, 14,			/*, 3, 25, Y  */
X	3, 12, -3, -16, 31, 31, 4, 12, -4, -16, 31, 31, -11, 1, -9, 4,
X	-7, 5, -5, 4, -5, 2, -6, -3, -6, -5, -5, -7, -3, -8, 0, -8,
X	2, -7, 5, -5, 31, 31, -7, 5, -6, 4, -6, 2, -7, -3, -7, -5,
X	-6, -7, -5, -8, -3, -9, -1, -9, 2, -8, 5, -5, 7, -2, 9, 2,
X	10, 5};
Xstatic char c187[65] = {
X	31,-9, 10,			/*, 3, 26, Z  */
X	2, 12, 0, 11, -1, 10, -1, 9, 0, 8, 3, 7, 8, 7, 8, 8,
X	5, 7, 1, 5, -2, 3, -5, 0, -6, -3, -6, -5, -5, -7, -2, -9,
X	1, -11, 2, -13, 2, -15, 1, -16, -1, -16, -2, -14, 31, 31, 5, 7,
X	2, 5, -1, 3, -4, 0, -5, -3, -5, -5, -4, -7, -2, -9};
Xstatic char c188[65] = {
X	31,-12, 12,			/*, 9, 48, @  */
X	9, 15, 8, 14, 9, 13, 10, 14, 10, 15, 9, 16, 7, 16, 5, 15,
X	3, 13, 2, 11, 1, 8, 0, 4, -2, -8, -3, -12, -4, -14, 31, 31,
X	4, 14, 3, 12, 2, 8, 0, -4, -1, -8, -2, -11, -3, -13, -5, -15,
X	-7, -16, -9, -16, -10, -15, -10, -14, -9, -13, -8, -14, -9, -15};
Xstatic char c189[101] = {
X	49,-12, 12,			/*, 9, 49, [  */
X	9, 15, 8, 14, 9, 13, 10, 14, 10, 15, 9, 16, 7, 16, 5, 15,
X	3, 13, 2, 11, 1, 8, 0, 4, -2, -8, -3, -12, -4, -14, 31, 31,
X	4, 14, 3, 12, 2, 8, 0, -4, -1, -8, -2, -11, -3, -13, -5, -15,
X	-7, -16, -9, -16, -10, -15, -10, -14, -9, -13, -8, -14, -9, -15, 31, 31,
X	-1, 7, -4, 6, -6, 4, -7, 1, -7, -1, -6, -4, -4, -6, -1, -7,
X	1, -7, 4, -6, 6, -4, 7, -1, 7, 1, 6, 4, 4, 6, 1, 7,
X	-1, 7};
Xstatic char c190[91] = {
X	44,-9, 10,			/*, 9, 45,  */
X	6, 0, 5, 3, 4, 4, 2, 5, 0, 5, -3, 4, -5, 1, -6, -2,
X	-6, -5, -5, -7, -4, -8, -2, -9, 0, -9, 3, -8, 5, -6, 6, -3,
X	7, 2, 7, 7, 6, 10, 5, 11, 3, 12, 0, 12, -2, 11, -4, 9,
X	-4, 8, -3, 8, -3, 9, -2, 11, 31, 31, 0, 5, -2, 4, -4, 1,
X	-5, -2, -5, -6, -4, -8, 31, 31, 0, -9, 2, -8, 4, -6, 5, -3,
X	6, 2, 6, 7, 5, 10, 3, 12};
Xstatic char c191[31] = {
X	14,-10, 10,			/*, 9, 46, ,  */
X	-8, 12, 0, -9, 31, 31, -7, 12, 0, -7, 31, 31, 8, 12, 0, -9,
X	31, 31, -8, 12, 8, 12, 31, 31, -7, 11, 7, 11};
Xstatic char c192[53] = {
X	25,-12, 13,			/*, 9, 50, ]  */
X	10, -1, 9, -3, 7, -4, 5, -4, 3, -3, 2, -2, -1, 2, -2, 3,
X	-4, 4, -6, 4, -8, 3, -9, 1, -9, -1, -8, -3, -6, -4, -4, -4,
X	-2, -3, -1, -2, 2, 2, 3, 3, 5, 4, 7, 4, 9, 3, 10, 1,
X	10, -1};
Xstatic char c193[3] = {
X	0,-8, 8};			/*, 1, 45,  */
Xstatic char c194[31] = {
X	14,-4, 6,			/*, 1, 54, !  */
X	0, 12, -1, 10, 0, -2, 1, 10, 0, 12, 31, 31, 0, 10, 0, 4,
X	31, 31, 0, -7, -1, -8, 0, -9, 1, -8, 0, -7};
Xstatic char c195[25] = {
X	11,-7, 9,			/*, 1, 61, "  */
X	-3, 12, -4, 5, 31, 31, -2, 12, -4, 5, 31, 31, 3, 12, 2, 5,
X	31, 31, 4, 12, 2, 5};
Xstatic char c196[25] = {
X	11,-10, 13,			/*, 1, 52, #  */
X	1, 12, -6, -16, 31, 31, 7, 12, 0, -16, 31, 31, -6, 1, 8, 1,
X	31, 31, -7, -5, 7, -5};
Xstatic char c197[85] = {
X	41,-10, 10,			/*, 1, 43, $  */
X	-2, 16, -2, -13, 31, 31, 2, 16, 2, -13, 31, 31, 6, 9, 5, 8,
X	6, 7, 7, 8, 7, 9, 5, 11, 2, 12, -2, 12, -5, 11, -7, 9,
X	-7, 7, -6, 5, -5, 4, -3, 3, 3, 1, 5, 0, 7, -2, 31, 31,
X	-7, 7, -5, 5, -3, 4, 3, 2, 5, 1, 6, 0, 7, -2, 7, -6,
X	5, -8, 2, -9, -2, -9, -5, -8, -7, -6, -7, -5, -6, -4, -5, -5,
X	-6, -6};
Xstatic char c198[65] = {
X	31,-12, 14,			/*, 1, 60, %  */
X	9, 12, -9, -9, 31, 31, -4, 12, -2, 10, -2, 8, -3, 6, -5, 5,
X	-7, 5, -9, 7, -9, 9, -8, 11, -6, 12, -4, 12, -2, 11, 1, 10,
X	4, 10, 7, 11, 9, 12, 31, 31, 5, -2, 3, -3, 2, -5, 2, -7,
X	4, -9, 6, -9, 8, -8, 9, -6, 9, -4, 7, -2, 5, -2};
Xstatic char c199[99] = {
X	48,-12, 15,			/*, 1, 55, &  */
X	9, 4, 8, 3, 9, 2, 10, 3, 10, 4, 9, 5, 8, 5, 7, 4,
X	6, 2, 4, -4, 3, -6, 1, -8, -1, -9, -5, -9, -8, -8, -9, -6,
X	-9, -3, -8, -1, -2, 3, 0, 5, 1, 7, 1, 9, 0, 11, -2, 12,
X	-4, 11, -5, 9, -5, 7, -4, 4, -2, 1, 3, -6, 5, -8, 8, -9,
X	9, -9, 10, -8, 10, -7, 31, 31, -5, -9, -7, -8, -8, -6, -8, -3,
X	-7, -1, -5, 1, 31, 31, -5, 7, -4, 5, 4, -6, 6, -8, 8, -9};
Xstatic char c200[13] = {
X	5,-4, 6,			/*, 1, 57, '  */
X	0, 12, -1, 5, 31, 31, 1, 12, -1, 5};
Xstatic char c201[41] = {
X	19,-7, 7,			/*, 1, 41, (  */
X	4, 16, 2, 14, 0, 11, -2, 7, -3, 2, -3, -2, -2, -7, 0, -11,
X	2, -14, 4, -16, 31, 31, 2, 14, 0, 10, -1, 7, -2, 2, -2, -2,
X	-1, -7, 0, -10, 2, -14};
Xstatic char c202[41] = {
X	19,-7, 7,			/*, 1, 42, )  */
X	-4, 16, -2, 14, 0, 11, 2, 7, 3, 2, 3, -2, 2, -7, 0, -11,
X	-2, -14, -4, -16, 31, 31, -2, 14, 0, 10, 1, 7, 2, 2, 2, -2,
X	1, -7, 0, -10, -2, -14};
Xstatic char c203[19] = {
X	8,-8, 8,			/*, 1, 39, *  */
X	0, 12, 0, 0, 31, 31, -5, 9, 5, 3, 31, 31, 5, 9, -5, 3};
Xstatic char c204[13] = {
X	5,-12, 12,			/*, 1, 37, +  */
X	0, 9, 0, -9, 31, 31, -9, 0, 9, 0};
Xstatic char c205[17] = {
X	7,-4, 4,			/*, 1, 46, ,  */
X	0, -9, -1, -8, 0, -7, 1, -8, 1, -10, 0, -12, -1, -13};
Xstatic char c206[7] = {
X	2,-12, 12,			/*, 1, 38, -  */
X	-9, 0, 9, 0};
Xstatic char c207[13] = {
X	5,-4, 4,			/*, 1, 47, .  */
X	0, -7, -1, -8, 0, -9, 1, -8, 0, -7};
Xstatic char c208[7] = {
X	2,-11, 11,			/*, 1, 40, /  */
X	9, 16, -9, -16};
Xstatic char c209[81] = {
X	39,-10, 12,			/*, 2, 27, 0, */
X	-1, 12, -4, 11, -6, 8, -7, 3, -7, 0, -6, -5, -4, -8, -1, -9,
X	1, -9, 4, -8, 6, -5, 7, 0, 7, 3, 6, 8, 4, 11, 1, 12,
X	-1, 12, 31, 31, -1, 12, -3, 11, -4, 10, -5, 8, -6, 3, -6, 0,
X	-5, -5, -4, -7, -3, -8, -1, -9, 31, 31, 1, -9, 3, -8, 4, -7,
X	5, -5, 6, 0, 6, 3, 5, 8, 4, 10, 3, 11, 1, 12};
Xstatic char c210[23] = {
X	10,-10, 12,			/*, 2, 28, 1, */
X	-4, 8, -2, 9, 1, 12, 1, -9, 31, 31, 0, 11, 0, -9, 31, 31,
X	-4, -9, 5, -9};
Xstatic char c211[91] = {
X	44,-10, 12,			/*, 2, 29, 2, */
X	-6, 8, -5, 7, -6, 6, -7, 7, -7, 8, -6, 10, -5, 11, -2, 12,
X	2, 12, 5, 11, 6, 10, 7, 8, 7, 6, 6, 4, 3, 2, -2, 0,
X	-4, -1, -6, -3, -7, -6, -7, -9, 31, 31, 2, 12, 4, 11, 5, 10,
X	6, 8, 6, 6, 5, 4, 2, 2, -2, 0, 31, 31, -7, -7, -6, -6,
X	-4, -6, 1, -8, 4, -8, 6, -7, 7, -6, 31, 31, -4, -6, 1, -9,
X	5, -9, 6, -8, 7, -6, 7, -4};
Xstatic char c212[93] = {
X	45,-10, 12,			/*, 2, 30, 3, */
X	-6, 9, -5, 8, -6, 7, -7, 8, -7, 9, -5, 11, -2, 12, 2, 12,
X	5, 11, 6, 9, 6, 6, 5, 4, 2, 3, -1, 3, 31, 31, 2, 12,
X	4, 11, 5, 9, 5, 6, 4, 4, 2, 3, 31, 31, 2, 3, 4, 2,
X	6, 0, 7, -2, 7, -5, 6, -7, 5, -8, 2, -9, -2, -9, -5, -8,
X	-6, -7, -7, -5, -7, -4, -6, -3, -5, -4, -6, -5, 31, 31, 5, 1,
X	6, -2, 6, -5, 5, -7, 4, -8, 2, -9};
Xstatic char c213[27] = {
X	12,-10, 12,			/*, 2, 31, 4, */
X	2, 10, 2, -9, 31, 31, 3, 12, 3, -9, 31, 31, 3, 12, -8, -3,
X	8, -3, 31, 31, -1, -9, 6, -9};
Xstatic char c214[79] = {
X	38,-10, 12,			/*, 2, 32, 5, */
X	-5, 12, -7, 2, 31, 31, -7, 2, -5, 3, -2, 4, 1, 4, 4, 3,
X	6, 1, 7, -2, 7, -3, 6, -6, 4, -8, 1, -9, -2, -9, -5, -8,
X	-6, -7, -7, -5, -7, -4, -6, -3, -5, -4, -6, -5, 31, 31, 1, 4,
X	3, 3, 5, 1, 6, -2, 6, -3, 5, -6, 3, -8, 1, -9, 31, 31,
X	-5, 12, 5, 12, 31, 31, -5, 11, 0, 11, 5, 12};
Xstatic char c215[97] = {
X	47,-10, 12,			/*, 2, 33, 6, */
X	5, 9, 4, 8, 5, 7, 6, 8, 6, 9, 5, 11, 3, 12, 0, 12,
X	-3, 11, -5, 9, -6, 7, -7, 3, -7, -3, -6, -6, -4, -8, -1, -9,
X	1, -9, 4, -8, 6, -6, 7, -3, 7, -2, 6, 1, 4, 3, 1, 4,
X	0, 4, -3, 3, -5, 1, -6, -2, 31, 31, 0, 12, -2, 11, -4, 9,
X	-5, 7, -6, 3, -6, -3, -5, -6, -3, -8, -1, -9, 31, 31, 1, -9,
X	3, -8, 5, -6, 6, -3, 6, -2, 5, 1, 3, 3, 1, 4};
Xstatic char c216[63] = {
X	30,-10, 12,			/*, 2, 34, 7, */
X	-7, 12, -7, 6, 31, 31, -7, 8, -6, 10, -4, 12, -2, 12, 3, 9,
X	5, 9, 6, 10, 7, 12, 31, 31, -6, 10, -4, 11, -2, 11, 3, 9,
X	31, 31, 7, 12, 7, 9, 6, 6, 2, 1, 1, -1, 0, -4, 0, -9,
X	31, 31, 6, 6, 1, 1, 0, -1, -1, -4, -1, -9};
Xstatic char c217[127] = {
X	62,-10, 12,			/*, 2, 35, 8, */
X	-2, 12, -5, 11, -6, 9, -6, 6, -5, 4, -2, 3, 2, 3, 5, 4,
X	6, 6, 6, 9, 5, 11, 2, 12, -2, 12, 31, 31, -2, 12, -4, 11,
X	-5, 9, -5, 6, -4, 4, -2, 3, 31, 31, 2, 3, 4, 4, 5, 6,
X	5, 9, 4, 11, 2, 12, 31, 31, -2, 3, -5, 2, -6, 1, -7, -1,
X	-7, -5, -6, -7, -5, -8, -2, -9, 2, -9, 5, -8, 6, -7, 7, -5,
X	7, -1, 6, 1, 5, 2, 2, 3, 31, 31, -2, 3, -4, 2, -5, 1,
X	-6, -1, -6, -5, -5, -7, -4, -8, -2, -9, 31, 31, 2, -9, 4, -8,
X	5, -7, 6, -5, 6, -1, 5, 1, 4, 2, 2, 3};
Xstatic char c218[97] = {
X	47,-10, 12,			/*, 2, 36, 9, */
X	6, 5, 5, 2, 3, 0, 0, -1, -1, -1, -4, 0, -6, 2, -7, 5,
X	-7, 6, -6, 9, -4, 11, -1, 12, 1, 12, 4, 11, 6, 9, 7, 6,
X	7, 0, 6, -4, 5, -6, 3, -8, 0, -9, -3, -9, -5, -8, -6, -6,
X	-6, -5, -5, -4, -4, -5, -5, -6, 31, 31, -1, -1, -3, 0, -5, 2,
X	-6, 5, -6, 6, -5, 9, -3, 11, -1, 12, 31, 31, 1, 12, 3, 11,
X	5, 9, 6, 6, 6, 0, 5, -4, 4, -6, 2, -8, 0, -9};
Xstatic char c219[25] = {
X	11,-4, 6,			/*, 3, 63, ;  */
X	0, 5, -1, 4, 0, 3, 1, 4, 0, 5, 31, 31, 0, -7, -1, -8,
X	0, -9, 1, -8, 0, -7};
Xstatic char c220[29] = {
X	13,-4, 6,			/*, 1, 63, ;  */
X	0, 5, -1, 4, 0, 3, 1, 4, 0, 5, 31, 31, 0, -9, -1, -8,
X	0, -7, 1, -8, 1, -10, 0, -12, -1, -13};
Xstatic char c221[9] = {
X	3,-11, 13,			/*, 1, 58, <  */
X	8, 9, -8, 0, 8, -9};
Xstatic char c222[13] = {
X	5,-12, 12,			/*, 1, 44, =  */
X	-9, 3, 9, 3, 31, 31, -9, -3, 9, -3};
Xstatic char c223[9] = {
X	3,-11, 13,			/*, 1, 59, >  */
X	-8, 9, 8, 0, -8, -9};
Xstatic char c224[65] = {
X	31,-9, 11,			/*, 1, 51, ?  */
X	-5, 8, -4, 7, -5, 6, -6, 7, -6, 8, -5, 10, -4, 11, -2, 12,
X	1, 12, 4, 11, 5, 10, 6, 8, 6, 6, 5, 4, 4, 3, 0, 1,
X	0, -2, 31, 31, 1, 12, 3, 11, 4, 10, 5, 8, 5, 6, 4, 4,
X	2, 2, 31, 31, 0, -7, -1, -8, 0, -9, 1, -8, 0, -7};
Xstatic char c225[113] = {
X	55,-13, 14,			/*, 9, 53, _  */
X	5, 4, 4, 6, 2, 7, -1, 7, -3, 6, -4, 5, -5, 2, -5, -1,
X	-4, -3, -2, -4, 1, -4, 3, -3, 4, -1, 31, 31, -1, 7, -3, 5,
X	-4, 2, -4, -1, -3, -3, -2, -4, 31, 31, 5, 7, 4, -1, 4, -3,
X	6, -4, 8, -4, 10, -2, 11, 1, 11, 3, 10, 6, 9, 8, 7, 10,
X	5, 11, 2, 12, -1, 12, -4, 11, -6, 10, -8, 8, -9, 6, -10, 3,
X	-10, 0, -9, -3, -8, -5, -6, -7, -4, -8, -1, -9, 2, -9, 5, -8,
X	7, -7, 8, -6, 31, 31, 6, 7, 5, -1, 5, -3, 6, -4};
Xstatic char c226[61] = {
X	29,-13, 11,			/*, 6, 1, A  */
X	6, 12, -4, -2, -7, -6, -9, -8, -11, -9, -13, -9, -14, -8, -14, -6,
X	-13, -5, -12, -5, -11, -6, 31, 31, 6, 12, 2, -9, 31, 31, 2, -8,
X	1, -4, 0, -2, -2, 0, -4, 1, -6, 1, -7, 0, -7, -2, -6, -5,
X	-3, -8, 0, -9, 3, -9, 5, -8, 6, -7};
Xstatic char c227[95] = {
X	46,-13, 14,			/*, 6, 2, B  */
X	3, 11, 2, 10, 1, 8, -1, 3, -3, -3, -4, -5, -6, -8, -8, -9,
X	-10, -9, -11, -8, -11, -6, -10, -5, -9, -5, -8, -6, 31, 31, -3, 6,
X	-4, 4, -5, 3, -7, 3, -8, 4, -8, 6, -7, 8, -5, 10, -3, 11,
X	0, 12, 6, 12, 8, 11, 9, 9, 9, 7, 8, 5, 6, 4, 3, 3,
X	-1, 3, 31, 31, 3, 3, 5, 2, 6, 1, 7, -1, 7, -4, 6, -7,
X	5, -8, 3, -9, 0, -9, -1, -8, -1, -6, 0, -4};
Xstatic char c228[67] = {
X	32,-12, 13,			/*, 6, 3, C  */
X	-7, 10, -8, 8, -8, 6, -7, 4, -4, 3, -1, 3, 3, 4, 5, 5,
X	8, 7, 9, 9, 9, 11, 8, 12, 6, 12, 3, 11, 0, 9, -2, 7,
X	-4, 4, -5, 2, -6, -1, -6, -4, -5, -7, -4, -8, -2, -9, 0, -9,
X	3, -8, 5, -6, 6, -4, 6, -2, 5, 0, 3, 0, 1, -1, 0, -3};
Xstatic char c229[71] = {
X	34,-13, 13,			/*, 6, 4, D  */
X	3, 11, 2, 10, 1, 8, -1, 3, -3, -3, -4, -5, -6, -8, -8, -9,
X	-10, -9, -11, -8, -11, -6, -10, -5, -8, -5, -6, -6, -4, -8, -2, -9,
X	1, -9, 3, -8, 5, -6, 7, -2, 8, 3, 8, 6, 7, 9, 5, 11,
X	3, 12, -2, 12, -5, 11, -7, 9, -8, 7, -8, 5, -7, 4, -5, 4,
X	-4, 5, -3, 7};
Xstatic char c230[69] = {
X	33,-10, 12,			/*, 6, 5, E  */
X	5, 9, 4, 8, 4, 6, 5, 5, 7, 5, 8, 7, 8, 9, 7, 11,
X	5, 12, 2, 12, 0, 11, -1, 10, -2, 8, -2, 6, -1, 4, 1, 3,
X	-1, 3, -4, 2, -6, 0, -7, -2, -7, -5, -6, -7, -5, -8, -3, -9,
X	0, -9, 3, -8, 5, -6, 6, -4, 6, -2, 5, 0, 3, 0, 1, -1,
X	0, -3};
Xstatic char c231[65] = {
X	31,-12, 12,			/*, 6, 6, F  */
X	-1, 6, -2, 4, -4, 3, -6, 3, -7, 5, -7, 7, -6, 9, -4, 11,
X	0, 12, 8, 12, 6, 9, 5, 7, 3, 1, 1, -4, 0, -6, -2, -8,
X	-5, -9, -8, -9, -10, -8, -10, -6, -9, -5, -8, -5, -7, -6, 31, 31,
X	-3, -1, -2, 0, 0, 1, 5, 1, 7, 2, 8, 4, 6, -2};
Xstatic char c232[73] = {
X	35,-11, 14,			/*, 6, 7, G  */
X	-6, 9, -7, 7, -7, 5, -6, 3, -4, 2, -2, 2, 1, 3, 3, 4,
X	6, 7, 7, 10, 7, 11, 6, 12, 5, 12, 3, 11, 1, 9, 0, 7,
X	-1, 4, -1, 1, 0, -1, 2, -2, 4, -2, 6, -1, 8, 1, 9, 3,
X	7, -3, 5, -6, 2, -8, -1, -9, -4, -9, -7, -8, -8, -7, -8, -5,
X	-7, -4, -6, -4, -5, -5};
Xstatic char c233[77] = {
X	37,-12, 15,			/*, 6, 8, H  */
X	-5, 6, -6, 7, -6, 9, -4, 11, -1, 12, 1, 12, -3, 0, -5, -5,
X	-7, -8, -9, -9, -11, -9, -12, -8, -12, -6, -11, -5, -10, -5, -9, -6,
X	31, 31, -8, -2, -7, -1, -5, 0, 4, 3, 6, 4, 9, 6, 11, 8,
X	12, 10, 12, 11, 11, 12, 10, 12, 8, 10, 6, 6, 4, 0, 3, -4,
X	3, -7, 4, -9, 5, -9, 7, -8, 9, -6};
Xstatic char c234[51] = {
X	24,-9, 11,			/*, 6, 9, I  */
X	8, 6, 6, 4, 3, 3, 0, 3, -2, 4, -3, 6, -3, 8, -2, 10,
X	0, 11, 3, 12, 8, 12, 6, 10, 4, 7, 2, 2, 0, -4, -1, -6,
X	-3, -8, -5, -9, -8, -9, -9, -8, -9, -6, -8, -5, -7, -5, -6, -6};
Xstatic char c235[53] = {
X	25,-9, 11,			/*, 6, 10, J  */
X	8, 6, 6, 4, 3, 3, 0, 3, -2, 4, -3, 6, -3, 8, -2, 10,
X	0, 11, 3, 12, 8, 12, 6, 10, 4, 7, 2, 2, 0, -4, -1, -7,
X	-3, -11, -4, -12, -6, -13, -7, -12, -7, -10, -6, -8, -4, -6, 2, -2,
X	4, 0};
Xstatic char c236[77] = {
X	37,-12, 15,			/*, 6, 11, K  */
X	-5, 6, -6, 7, -6, 9, -4, 11, -1, 12, 1, 12, -3, 0, -5, -5,
X	-7, -8, -9, -9, -11, -9, -12, -8, -12, -6, -11, -5, -10, -5, -9, -6,
X	31, 31, 11, 8, 12, 9, 12, 11, 11, 12, 9, 11, 8, 9, 6, 6,
X	5, 5, 3, 4, 0, 3, -2, 3, 31, 31, 0, 3, 1, 2, 2, 0,
X	3, -7, 4, -9, 5, -9, 7, -8, 9, -6};
Xstatic char c237[67] = {
X	32,-11, 12,			/*, 6, 12, L  */
X	-5, 9, -6, 7, -6, 5, -5, 3, -3, 2, 0, 2, 3, 3, 5, 4,
X	8, 7, 9, 10, 9, 11, 8, 12, 7, 12, 5, 11, 4, 10, 2, 7,
X	0, 1, -2, -4, -3, -6, -5, -8, -7, -9, -9, -9, -10, -8, -10, -6,
X	-9, -5, -7, -5, -5, -6, -2, -8, 0, -9, 3, -9, 5, -8, 6, -7};
Xstatic char c238[67] = {
X	32,-15, 16,			/*, 6, 13, M  */
X	0, 12, -4, 3, -7, -3, -9, -6, -11, -8, -13, -9, -15, -9, -16, -8,
X	-16, -6, -15, -5, -14, -5, -13, -6, 31, 31, 0, 12, -2, 3, -3, -5,
X	-3, -9, 31, 31, 8, 12, 4, 3, 2, -1, -1, -6, -3, -9, 31, 31,
X	8, 12, 6, 3, 5, -5, 5, -7, 6, -9, 7, -9, 9, -8, 11, -6};
Xstatic char c239[67] = {
X	32,-12, 15,			/*, 6, 14, N  */
X	0, 12, -1, 8, -3, 2, -5, -3, -6, -5, -8, -8, -10, -9, -12, -9,
X	-13, -8, -13, -6, -12, -5, -11, -5, -10, -6, 31, 31, 0, 12, 0, 6,
X	2, -3, 2, -9, 31, 31, 12, 9, 13, 8, 14, 8, 15, 9, 15, 11,
X	14, 12, 12, 12, 10, 11, 8, 8, 7, 6, 5, 1, 3, -5, 2, -9};
Xstatic char c240[53] = {
X	25,-11, 13,			/*, 6, 15, O  */
X	1, 12, -1, 11, -3, 9, -5, 6, -6, 4, -7, 0, -7, -4, -6, -7,
X	-5, -8, -3, -9, -1, -9, 2, -8, 4, -6, 6, -3, 7, -1, 8, 3,
X	8, 7, 7, 10, 6, 11, 5, 11, 3, 10, 1, 8, -1, 4, -2, -1,
X	-2, -4};
Xstatic char c241[75] = {
X	36,-13, 13,			/*, 6, 16, P  */
X	3, 11, 2, 10, 1, 8, -1, 3, -3, -3, -4, -5, -6, -8, -8, -9,
X	-10, -9, -11, -8, -11, -6, -10, -5, -9, -5, -8, -6, 31, 31, -3, 6,
X	-4, 4, -5, 3, -7, 3, -8, 4, -8, 6, -7, 8, -5, 10, -3, 11,
X	0, 12, 5, 12, 7, 11, 8, 10, 9, 8, 9, 5, 8, 3, 7, 2,
X	5, 1, 3, 1, 1, 2, 0, 3};
Xstatic char c242[67] = {
X	32,-10, 12,			/*, 6, 17, Q  */
X	3, 8, 3, 6, 2, 4, 1, 3, -1, 2, -3, 2, -4, 4, -4, 6,
X	-3, 9, -1, 11, 2, 12, 5, 12, 7, 11, 8, 9, 8, 5, 7, 2,
X	5, -1, 1, -5, -2, -7, -4, -8, -7, -9, -9, -9, -10, -8, -10, -6,
X	-9, -5, -7, -5, -5, -6, -2, -8, 0, -9, 3, -9, 5, -8, 6, -7};
Xstatic char c243[87] = {
X	42,-13, 14,			/*, 6, 18, R  */
X	3, 11, 2, 10, 1, 8, -1, 3, -3, -3, -4, -5, -6, -8, -8, -9,
X	-10, -9, -11, -8, -11, -6, -10, -5, -9, -5, -8, -6, 31, 31, -3, 6,
X	-4, 4, -5, 3, -7, 3, -8, 4, -8, 6, -7, 8, -5, 10, -3, 11,
X	0, 12, 6, 12, 8, 11, 9, 9, 9, 7, 8, 5, 7, 4, 4, 3,
X	-1, 3, 31, 31, 0, 3, 2, 2, 3, 0, 4, -7, 5, -9, 6, -9,
X	8, -8, 10, -6};
Xstatic char c244[69] = {
X	33, -11, 12,			/*, 6, 19, S  */
X	-3, 9, -4, 7, -4, 5, -3, 3, -1, 2, 2, 2, 5, 3, 7, 4,
X	9, 6, 10, 8, 10, 11, 9, 12, 8, 12, 7, 11, 6, 9, 5, 5,
X	4, -1, 3, -4, 2, -6, 0, -8, -3, -9, -6, -9, -8, -8, -9, -6,
X	-9, -4, -8, -2, -7, -1, -5, 0, -3, 0, -2, -1, -2, -3, -3, -5,
X	-4, -6};
Xstatic char c245[49] = {
X	23, -10, 12,			/*, 6, 20, T  */
X	1, 6, 0, 4, -2, 3, -4, 3, -5, 5, -5, 7, -4, 9, -2, 11,
X	2, 12, 10, 12, 8, 9, 7, 7, 5, 1, 3, -4, 2, -6, 0, -8,
X	-3, -9, -6, -9, -8, -8, -8, -6, -7, -5, -6, -5, -5, -6};
Xstatic char c246[53] = {
X	25, -12, 14,			/*, 6, 21, U  */
X	-9, 8, -7, 11, -5, 12, -4, 12, -3, 10, -3, 7, -4, 3, -5, 0,
X	-6, -4, -6, -7, -5, -9, -3, -9, -1, -8, 2, -5, 4, -2, 6, 3,
X	31, 31, 9, 12, 5, 0, 4, -4, 4, -7, 5, -9, 6, -9, 8, -8,
X	10, -6};
Xstatic char c247[59] = {
X	28, -12, 14,			/*, 6, 22, V  */
X	-9, 8, -7, 11, -5, 12, -4, 12, -3, 10, -3, 7, -4, 3, -5, 0,
X	-6, -4, -6, -7, -5, -9, -3, -9, -1, -8, 2, -5, 4, -2, 6, 2,
X	7, 5, 8, 9, 8, 11, 7, 12, 6, 12, 5, 11, 4, 9, 4, 6,
X	5, 4, 7, 2, 9, 1, 11, 1};
Xstatic char c248[69] = {
X	33, -14, 15,			/*, 6, 23, W  */
X	-9, 6, -10, 6, -11, 7, -11, 9, -10, 11, -8, 12, -4, 12, -5, 10,
X	-6, 5, -6, -3, -7, -9, 31, 31, 4, 12, 2, 10, 1, 8, -1, 3,
X	-3, -3, -5, -7, -7, -9, 31, 31, 4, 12, 3, 10, 2, 5, 2, -3,
X	1, -9, 31, 31, 12, 12, 10, 10, 9, 8, 7, 3, 5, -3, 3, -7,
X	1, -9};
Xstatic char c249[93] = {
X	45, -12, 14,			/*, 6, 24, X  */
X	-3, 7, -4, 6, -6, 6, -7, 7, -7, 9, -6, 11, -4, 12, -2, 12,
X	0, 11, 1, 9, 1, 6, 0, 2, -2, -3, -4, -6, -6, -8, -8, -9,
X	-10, -9, -11, -8, -11, -6, -10, -5, -9, -5, -8, -6, 31, 31, 8, 9,
X	9, 8, 10, 8, 11, 9, 11, 11, 10, 12, 8, 12, 6, 11, 4, 9,
X	2, 6, 0, 2, -1, -3, -1, -6, 0, -8, 2, -9, 4, -9, 6, -8,
X	7, -6, 7, -4, 6, -3, 4, -3, 3, -4};
Xstatic char c250[59] = {
X	28, -11, 13,			/*, 6, 25, Y  */
X	-7, 8, -5, 11, -3, 12, -2, 12, -1, 11, -1, 9, -3, 3, -3, 0,
X	-2, -2, 0, -2, 3, -1, 5, 1, 7, 4, 8, 6, 31, 31, 10, 12,
X	8, 6, 5, -3, 3, -6, 1, -8, -2, -9, -5, -9, -8, -8, -9, -6,
X	-9, -4, -8, -3, -7, -3, -6, -4};
Xstatic char c251[59] = {
X	28, -10, 13,			/*, 6, 26, Z  */
END_OF_FILE
# end of 'lib/scribe.c.2'
fi
echo shar: End of archive 49 \(of 61\).
cp /dev/null ark49isdone
MISSING=""
for I in 1 2 3 4 5 6 7 8 9 10 11 12 13 14 15 16 17 18 19 20 \
	21 22 23 24 25 26 27 28 29 30 31 32 33 34 35 36 37 \
	38 39 40 41 42 43 44 45 46 47 48 49 50 51 52 53 54 \
	55 56 57 58 59 60 61 ; do
    if test ! -f ark${I}isdone ; then
	MISSING="${MISSING} ${I}"
    fi
done
if test "${MISSING}" = "" ; then
    echo You have unpacked all 61 archives.
    rm -f ark[1-9]isdone ark[1-9][0-9]isdone
else
    echo You still need to unpack the following archives:
    echo "        " ${MISSING}
fi
##  End of shell archive.
exit 0
