Subject:  v17i053:  MGR, Bellcore window manager, Part52/61
Newsgroups: comp.sources.unix
Approved: rsalz@uunet.UU.NET

Submitted-by: Stephen A. Uhler <sau@bellcore.com>
Posting-number: Volume 17, Issue 53
Archive-name: mgr/part52




#! /bin/sh
# This is a shell archive.  Remove anything before this line, then unpack
# it by saving it into a file and typing "sh file".  To overwrite existing
# files, type "sh file -c".  You can also feed this as standard input via
# unshar, or by typing "sh <file", e.g..  If this archive is complete, you
# will see the following message at the end:
#		"End of archive 52 (of 61)."
# Contents:  lib/scribe.c.3
# Wrapped by rsalz@papaya.bbn.com on Thu Nov 17 21:06:00 1988
PATH=/bin:/usr/bin:/usr/ucb ; export PATH
if test -f 'lib/scribe.c.3' -a "${1}" != "-c" ; then 
  echo shar: Will not clobber existing file \"'lib/scribe.c.3'\"
else
echo shar: Extracting \"'lib/scribe.c.3'\" \(33803 characters\)
sed "s/^X//" >'lib/scribe.c.3' <<'END_OF_FILE'
X	2, 6, 1, 4, -1, 3, -3, 3, -4, 5, -4, 7, -3, 9, -1, 11,
X	3, 12, 11, 12, 9, 9, 7, 5, 4, -2, 2, -5, 0, -7, -2, -8,
X	-6, -9, -9, -9, -10, -8, -10, -6, -9, -5, -7, -5, -5, -6, -2, -8,
X	0, -9, 3, -9, 5, -8, 6, -7};
Xstatic char c252[13] = {
X	5, -10, 10,			/*, box   */
X	-8, -8, -8, 8, 8, 8, 8, -8, -8, -8};
Xstatic char c253[93] = {
X	45, -8, 8,			/*, 9, 55, &  */
X	3, 9, 2, 8, 3, 7, 4, 8, 4, 9, 3, 11, 1, 12, -1, 12,
X	-3, 11, -4, 9, -4, 7, -3, 5, -1, 3, 4, 0, 31, 31, -3, 5,
X	2, 2, 4, 0, 5, -2, 5, -4, 4, -6, 2, -8, 31, 31, -2, 4,
X	-4, 2, -5, 0, -5, -2, -4, -4, -2, -6, 3, -9, 31, 31, -4, -4,
X	1, -7, 3, -9, 4, -11, 4, -13, 3, -15, 1, -16, -1, -16, -3, -15,
X	-4, -13, -4, -12, -3, -11, -2, -12, -3, -13};
Xstatic char c254[13] = {
X	5, -10, 10,			/*, diamond   */
X	-8, 0, 0, 8, 8, 0, 0, -8, -8, 0};
Xstatic char c255[29] = {
X	13, -7, 7,			/*, 9, 7, G  */
X	-1, 12, -3, 11, -4, 9, -4, 7, -3, 5, -1, 4, 1, 4, 3, 5,
X	4, 7, 4, 9, 3, 11, 1, 12, -1, 12};
Xstatic char c256[53] = {
X	25, -12, 13,			/*, 9, 50, ]  */
X	10, -1, 9, -3, 7, -4, 5, -4, 3, -3, 2, -2, -1, 2, -2, 3,
X	-4, 4, -6, 4, -8, 3, -9, 1, -9, -1, -8, -3, -6, -4, -4, -4,
X	-2, -3, -1, -2, 2, 2, 3, 3, 5, 4, 7, 4, 9, 3, 10, 1,
X	10, -1};
Xstatic char c257[15] = {
X	6, -6, 6,			/*, 9, 30, 3, */
X	-2, 12, 3, 6, 31, 31, -2, 12, -3, 11, 3, 6};
Xstatic char c258[47] = {
X	22, -6, 11,			/*, 5, 1, A  */
X	3, -3, 2, -1, 0, 0, -2, 0, -4, -1, -5, -2, -6, -4, -6, -6,
X	-5, -8, -3, -9, -1, -9, 1, -8, 2, -6, 31, 31, 4, 0, 2, -6,
X	2, -8, 3, -9, 4, -9, 6, -8, 7, -7, 9, -4};
Xstatic char c259[47] = {
X	22, -5, 11,			/*, 5, 2, B  */
X	-5, -4, -3, -1, 0, 4, 1, 6, 2, 9, 2, 11, 1, 12, -1, 11,
X	-2, 9, -3, 5, -4, -2, -4, -8, -3, -9, -2, -9, 0, -8, 2, -6,
X	3, -3, 3, 0, 4, -4, 5, -5, 7, -5, 9, -4};
Xstatic char c260[29] = {
X	13, -5, 8,			/*, 5, 3, C  */
X	2, -2, 2, -1, 1, 0, -1, 0, -3, -1, -4, -2, -5, -4, -5, -6,
X	-4, -8, -2, -9, 1, -9, 4, -7, 6, -4};
Xstatic char c261[47] = {
X	22, -6, 11,			/*, 5, 4, D  */
X	3, -3, 2, -1, 0, 0, -2, 0, -4, -1, -5, -2, -6, -4, -6, -6,
X	-5, -8, -3, -9, -1, -9, 1, -8, 2, -6, 31, 31, 8, 12, 2, -6,
X	2, -8, 3, -9, 4, -9, 6, -8, 7, -7, 9, -4};
Xstatic char c262[35] = {
X	16, -5, 8,			/*, 5, 5, E  */
X	-3, -7, -1, -6, 0, -5, 1, -3, 1, -1, 0, 0, -1, 0, -3, -1,
X	-4, -3, -4, -6, -3, -8, -1, -9, 1, -9, 3, -8, 4, -7, 6, -4};
Xstatic char c263[49] = {
X	23, -3, 7,			/*, 5, 6, F  */
X	-3, -4, 1, 1, 3, 4, 4, 6, 5, 9, 5, 11, 4, 12, 2, 11,
X	1, 9, -1, 1, -4, -8, -7, -15, -8, -18, -8, -20, -7, -21, -5, -20,
X	-4, -17, -3, -8, -2, -9, 0, -9, 2, -8, 3, -7, 5, -4};
Xstatic char c264[57] = {
X	27, -6, 11,			/*, 5, 7, G  */
X	3, -3, 2, -1, 0, 0, -2, 0, -4, -1, -5, -2, -6, -4, -6, -6,
X	-5, -8, -3, -9, -1, -9, 1, -8, 2, -7, 31, 31, 4, 0, 2, -7,
X	-2, -18, -3, -20, -5, -21, -6, -20, -6, -18, -5, -15, -2, -12, 1, -10,
X	3, -9, 6, -7, 9, -4};
Xstatic char c265[59] = {
X	28, -5, 12,			/*, 5, 8, H  */
X	-5, -4, -3, -1, 0, 4, 1, 6, 2, 9, 2, 11, 1, 12, -1, 11,
X	-2, 9, -3, 5, -4, -1, -5, -9, 31, 31, -5, -9, -4, -6, -3, -4,
X	-1, -1, 1, 0, 3, 0, 4, -1, 4, -3, 3, -6, 3, -8, 4, -9,
X	5, -9, 7, -8, 8, -7, 10, -4};
Xstatic char c266[33] = {
X	15, -2, 7,			/*, 5, 9, I  */
X	1, 5, 1, 4, 2, 4, 2, 5, 1, 5, 31, 31, -2, -4, 0, 0,
X	-2, -6, -2, -8, -1, -9, 0, -9, 2, -8, 3, -7, 5, -4};
Xstatic char c267[41] = {
X	19, -2, 7,			/*, 5, 10, J  */
X	1, 5, 1, 4, 2, 4, 2, 5, 1, 5, 31, 31, -2, -4, 0, 0,
X	-6, -18, -7, -20, -9, -21, -10, -20, -10, -18, -9,-15,-6,-12,-3,-10,
X	-1, -9, 2, -7, 5, -4};
Xstatic char c268[67] = {
X	32, -5, 11,			/*, 5, 11, K  */
X	-5, -4, -3, -1, 0, 4, 1, 6, 2, 9, 2, 11, 1, 12, -1, 11,
X	-2, 9, -3, 5, -4, -1, -5, -9, 31, 31, -5, -9, -4, -6, -3, -4,
X	-1, -1, 1, 0, 3, 0, 4, -1, 4, -3, 2, -4, -1, -4, 31, 31,
X	-1, -4, 1, -5, 2, -8, 3, -9, 4, -9, 6, -8, 7, -7, 9, -4};
Xstatic char c269[37] = {
X	17, -3, 7,			/*, 5, 12, L  */
X	-3, -4, -1, -1, 2, 4, 3, 6, 4, 9, 4, 11, 3, 12, 1, 11,
X	0, 9, -1, 5, -2, -2, -2, -8, -1, -9, 0, -9, 2, -8, 3, -7,
X	5, -4};
Xstatic char c270[67] = {
X	32, -13, 14,			/*, 5, 13, M  */
X	-13, -4, -11, -1, -9, 0, -8, -1, -8, -2, -9, -6, -10, -9, 31, 31,
X	-9, -6, -8, -4, -6, -1, -4, 0, -2, 0, -1, -1, -1, -2, -2, -6,
X	-3, -9, 31, 31, -2, -6, -1, -4, 1, -1, 3, 0, 5, 0, 6, -1,
X	6, -3, 5, -6, 5, -8, 6, -9, 7, -9, 9, -8, 10, -7, 12, -4};
Xstatic char c271[47] = {
X	22, -8, 12,			/*, 5, 14, N  */
X	-8, -4, -6, -1, -4, 0, -3, -1, -3, -2, -4, -6, -5, -9, 31, 31,
X	-4, -6, -3, -4, -1, -1, 1, 0, 3, 0, 4, -1, 4, -3, 3, -6,
X	3, -8, 4, -9, 5, -9, 7, -8, 8, -7, 10, -4};
Xstatic char c272[47] = {
X	22, -6, 10,			/*, 5, 15, O  */
X	0, 0, -2, 0, -4, -1, -5, -2, -6, -4, -6, -6, -5, -8, -3, -9,
X	-1, -9, 1, -8, 2, -7, 3, -5, 3, -3, 2, -1, 0, 0, -1, -1,
X	-1, -3, 0, -5, 2, -6, 5, -6, 7, -5, 8, -4};
Xstatic char c273[49] = {
X	23, -7, 10,			/*, 5, 16, P  */
X	-7, -4, -5, -1, -4, 1, -5, -3, -11, -21, 31, 31, -5, -3, -4, -1,
X	-2, 0, 0, 0, 2, -1, 3, -3, 3, -5, 2, -7, 1, -8, -1, -9,
X	31, 31, -5, -8, -3, -9, 0, -9, 3, -8, 5, -7, 8, -4};
Xstatic char c274[55] = {
X	26, -6, 11,			/*, 5, 17, Q  */
X	3, -3, 2, -1, 0, 0, -2, 0, -4, -1, -5, -2, -6, -4, -6, -6,
X	-5, -8, -3, -9, -1, -9, 1, -8, 31, 31, 4, 0, 3, -3, 1, -8,
X	-2, -15, -3, -18, -3, -20, -2, -21, 0, -20, 1, -17, 1, -10, 3, -9,
X	6, -7, 9, -4};
Xstatic char c275[31] = {
X	14, -5, 10,			/*, 5, 18, R  */
X	-5, -4, -3, -1, -2, 1, -2, -1, 1, -1, 2, -2, 2, -4, 1, -7,
X	1, -8, 2, -9, 3, -9, 5, -8, 6, -7, 8, -4};
Xstatic char c276[33] = {
X	15, -4, 9,			/*, 5, 19, S  */
X	-4, -4, -2, -1, -1, 1, -1, -1, 1, -4, 2, -6, 2, -8, 0, -9,
X	31, 31, -4, -8, -2, -9, 2, -9, 4, -8, 5, -7, 7, -4};
Xstatic char c277[33] = {
X	15, -3, 8,			/*, 5, 20, T  */
X	-3, -4, -1, -1, 1, 3, 31, 31, 4, 12, -2, -6, -2, -8, -1, -9,
X	1, -9, 3, -8, 4, -7, 6, -4, 31, 31, -2, 4, 5, 4};
Xstatic char c278[39] = {
X	18, -6, 11,			/*, 5, 21, U  */
X	-6, -4, -4, 0, -6, -6, -6, -8, -5, -9, -3, -9, -1, -8, 1, -6,
X	3, -3, 31, 31, 4, 0, 2, -6, 2, -8, 3, -9, 4, -9, 6, -8,
X	7, -7, 9, -4};
Xstatic char c279[35] = {
X	16, -6, 11,			/*, 5, 22, V  */
X	-6, -4, -4, 0, -5, -5, -5, -8, -4, -9, -3, -9, 0, -8, 2, -6,
X	3, -3, 3, 0, 31, 31, 3, 0, 4, -4, 5, -5, 7, -5, 9, -4};
Xstatic char c280[51] = {
X	24, -9, 14,			/*, 5, 23, W  */
X	-6, 0, -8, -2, -9, -5, -9, -7, -8, -9, -6, -9, -4, -8, -2, -6,
X	31, 31, 0, 0, -2, -6, -2, -8, -1, -9, 1, -9, 3, -8, 5, -6,
X	6, -3, 6, 0, 31, 31, 6, 0, 7, -4, 8, -5, 10, -5, 12, -4};
Xstatic char c281[41] = {
X	19, -8, 10,			/*, 5, 24, X  */
X	-8, -4, -6, -1, -4, 0, -2, 0, -1, -1, -1, -8, 0, -9, 3, -9,
X	6, -7, 8, -4, 31, 31, 5, -1, 4, 0, 2, 0, 1, -1, -3, -8,
X	-4, -9, -6, -9, -7, -8};
Xstatic char c282[47] = {
X	22, -6, 11,			/*, 5, 25, Y  */
X	-6, -4, -4, 0, -6, -6, -6, -8, -5, -9, -3, -9, -1, -8, 1, -6,
X	3, -3, 31, 31, 4, 0, -2, -18, -3, -20, -5, -21, -6, -20, -6, -18,
X	-5, -15, -2, -12, 1, -10, 3, -9, 6, -7, 9, -4};
Xstatic char c283[47] = {
X	22, -6, 10,			/*, 5, 26, Z  */
X	-6, -4, -4, -1, -2, 0, 0, 0, 2, -2, 2, -4, 1, -6, -1, -8,
X	-4, -9, -2, -10, -1, -12, -1, -15, -2, -18, -3, -20, -5, -21, -6, -20,
X	-6, -18, -5, -15, -2, -12, 1, -10, 5, -7, 8, -4};
Xstatic char c284[65] = {
X	31, -12, 12,			/*, 9, 48, @  */
X	9, 15, 8, 14, 9, 13, 10, 14, 10, 15, 9, 16, 7, 16, 5, 15,
X	3, 13, 2, 11, 1, 8, 0, 4, -2, -8, -3, -12, -4, -14, 31, 31,
X	4, 14, 3, 12, 2, 8, 0, -4, -1, -8, -2, -11, -3, -13, -5, -15,
X	-7, -16, -9, -16, -10, -15, -10, -14, -9, -13, -8, -14, -9, -15};
Xstatic char c285[101] = {
X	49, -12, 12,			/*, 9, 49, [  */
X	9, 15, 8, 14, 9, 13, 10, 14, 10, 15, 9, 16, 7, 16, 5, 15,
X	3, 13, 2, 11, 1, 8, 0, 4, -2, -8, -3, -12, -4, -14, 31, 31,
X	4, 14, 3, 12, 2, 8, 0, -4, -1, -8, -2, -11, -3, -13, -5, -15,
X	-7, -16, -9, -16, -10, -15, -10, -14, -9, -13, -8, -14, -9, -15, 31, 31,
X	-1, 7, -4, 6, -6, 4, -7, 1, -7, -1, -6, -4, -4, -6, -1, -7,
X	1, -7, 4, -6, 6, -4, 7, -1, 7, 1, 6, 4, 4, 6, 1, 7,
X	-1, 7};
Xstatic char c286[91] = {
X	44, -9, 10,			/*, 9, 45,  */
X	6, 0, 5, 3, 4, 4, 2, 5, 0, 5, -3, 4, -5, 1, -6, -2,
X	-6, -5, -5, -7, -4, -8, -2, -9, 0, -9, 3, -8, 5, -6, 6, -3,
X	7, 2, 7, 7, 6, 10, 5, 11, 3, 12, 0, 12, -2, 11, -4, 9,
X	-4, 8, -3, 8, -3, 9, -2, 11, 31, 31, 0, 5, -2, 4, -4, 1,
X	-5, -2, -5, -6, -4, -8, 31, 31, 0, -9, 2, -8, 4, -6, 5, -3,
X	6, 2, 6, 7, 5, 10, 3, 12};
Xstatic char c287[31] = {
X	14, -10, 10,			/*, 9, 46, ,  */
X	-8, 12, 0, -9, 31, 31, -7, 12, 0, -7, 31, 31, 8, 12, 0, -9,
X	31, 31, -8, 12, 8, 12, 31, 31, -7, 11, 7, 11};
Xstatic char c288[53] = {
X	25, -12, 13,			/*, 9, 50, ]  */
X	10, -1, 9, -3, 7, -4, 5, -4, 3, -3, 2, -2, -1, 2, -2, 3,
X	-4, 4, -6, 4, -8, 3, -9, 1, -9, -1, -8, -3, -6, -4, -4, -4,
X	-2, -3, -1, -2, 2, 2, 3, 3, 5, 4, 7, 4, 9, 3, 10, 1,
X	10, -1};
Xstatic char c289[3] = {
X	0, -8, 8};			/*, 1, 45,  */
Xstatic char c290[31] = {
X	14, -4, 6,			/*, 1, 54, !  */
X	0, 12, -1, 10, 0, -2, 1, 10, 0, 12, 31, 31, 0, 10, 0, 4,
X	31, 31, 0, -7, -1, -8, 0, -9, 1, -8, 0, -7};
Xstatic char c291[25] = {
X	11, -7, 9,			/*, 1, 61, "  */
X	-3, 12, -4, 5, 31, 31, -2, 12, -4, 5, 31, 31, 3, 12, 2, 5,
X	31, 31, 4, 12, 2, 5};
Xstatic char c292[25] = {
X	11, -10, 13,			/*, 1, 52, #  */
X	1, 12, -6, -16, 31, 31, 7, 12, 0, -16, 31, 31, -6, 1, 8, 1,
X	31, 31, -7, -5, 7, -5};
Xstatic char c293[85] = {
X	41, -10, 10,			/*, 1, 43, $  */
X	-2, 16, -2, -13, 31, 31, 2, 16, 2, -13, 31, 31, 6, 9, 5, 8,
X	6, 7, 7, 8, 7, 9, 5, 11, 2, 12, -2, 12, -5, 11, -7, 9,
X	-7, 7, -6, 5, -5, 4, -3, 3, 3, 1, 5, 0, 7, -2, 31, 31,
X	-7, 7, -5, 5, -3, 4, 3, 2, 5, 1, 6, 0, 7, -2, 7, -6,
X	5, -8, 2, -9, -2, -9, -5, -8, -7, -6, -7, -5, -6, -4, -5, -5,
X	-6, -6};
Xstatic char c294[65] = {
X	31, -12, 14,			/*, 1, 60, %  */
X	9, 12, -9, -9, 31, 31, -4, 12, -2, 10, -2, 8, -3, 6, -5, 5,
X	-7, 5, -9, 7, -9, 9, -8, 11, -6, 12, -4, 12, -2, 11, 1, 10,
X	4, 10, 7, 11, 9, 12, 31, 31, 5, -2, 3, -3, 2, -5, 2, -7,
X	4, -9, 6, -9, 8, -8, 9, -6, 9, -4, 7, -2, 5, -2};
Xstatic char c295[99] = {
X	48, -12, 15,			/*, 1, 55, &  */
X	9, 4, 8, 3, 9, 2, 10, 3, 10, 4, 9, 5, 8, 5, 7, 4,
X	6, 2, 4, -4, 3, -6, 1, -8, -1, -9, -5, -9, -8, -8, -9, -6,
X	-9, -3, -8, -1, -2, 3, 0, 5, 1, 7, 1, 9, 0, 11, -2, 12,
X	-4, 11, -5, 9, -5, 7, -4, 4, -2, 1, 3, -6, 5, -8, 8, -9,
X	9, -9, 10, -8, 10, -7, 31, 31, -5, -9, -7, -8, -8, -6, -8, -3,
X	-7, -1, -5, 1, 31, 31, -5, 7, -4, 5, 4, -6, 6, -8, 8, -9};
Xstatic char c296[13] = {
X	5, -4, 6,			/*, 1, 57, '  */
X	0, 12, -1, 5, 31, 31, 1, 12, -1, 5};
Xstatic char c297[41] = {
X	19, -7, 7,			/*, 1, 41, (  */
X	4, 16, 2, 14, 0, 11, -2, 7, -3, 2, -3, -2, -2, -7, 0, -11,
X	2, -14, 4, -16, 31, 31, 2, 14, 0, 10, -1, 7, -2, 2, -2, -2,
X	-1, -7, 0, -10, 2, -14};
Xstatic char c298[41] = {
X	19, -7, 7,			/*, 1, 42, )  */
X	-4, 16, -2, 14, 0, 11, 2, 7, 3, 2, 3, -2, 2, -7, 0, -11,
X	-2, -14, -4, -16, 31, 31, -2, 14, 0, 10, 1, 7, 2, 2, 2, -2,
X	1, -7, 0, -10, -2, -14};
Xstatic char c299[19] = {
X	8, -8, 8,			/*, 1, 39, *  */
X	0, 12, 0, 0, 31, 31, -5, 9, 5, 3, 31, 31, 5, 9, -5, 3};
Xstatic char c300[13] = {
X	5, -12, 12,			/*, 1, 37, +  */
X	0, 9, 0, -9, 31, 31, -9, 0, 9, 0};
Xstatic char c301[17] = {
X	7, -4, 4,			/*, 1, 46, ,  */
X	0, -9, -1, -8, 0, -7, 1, -8, 1, -10, 0, -12, -1, -13};
Xstatic char c302[7] = {
X	2, -12, 12,			/*, 1, 38, -  */
X	-9, 0, 9, 0};
Xstatic char c303[13] = {
X	5, -4, 4,			/*, 1, 47, .  */
X	0, -7, -1, -8, 0, -9, 1, -8, 0, -7};
Xstatic char c304[7] = {
X	2, -11, 11,			/*, 1, 40, /  */
X	9, 16, -9, -16};
Xstatic char c305[85] = {
X	41, -10, 12,			/*, 7, 27, 0, */
X	-6, 10, -6, -6, -8, -7, 31, 31, -5, 9, -5, -6, -2, -8, 31, 31,
X	-4, 10, -4, -6, -2, -7, -1, -8, 31, 31, -6, 10, -4, 10, 1, 11,
X	3, 12, 31, 31, 1, 11, 2, 10, 4, 9, 4, -7, 31, 31, 2, 11,
X	5, 9, 5, -6, 31, 31, 3, 12, 4, 11, 6, 10, 8, 10, 6, 9,
X	6, -7, 31, 31, -8, -7, -6, -7, -4, -8, -3, -9, -1, -8, 4, -7,
X	6, -7};
Xstatic char c306[55] = {
X	26, -10, 12,			/*, 7, 28, 1, */
X	-3, 10, -2, 9, -1, 7, -1, -6, -3, -7, 31, 31, -1, 9, -2, 10,
X	-1, 11, 0, 9, 0, -7, 2, -8, 31, 31, -3, 10, 0, 12, 1, 10,
X	1, -6, 3, -7, 4, -7, 31, 31, -3, -7, -2, -7, 0, -8, 1, -9,
X	2, -8, 4, -7};
Xstatic char c307[95] = {
X	46, -10, 12,			/*, 7, 29, 2, */
X	-6, 10, -4, 10, -2, 11, -1, 12, 1, 11, 4, 10, 6, 10, 31, 31,
X	-2, 10, 0, 11, 31, 31, -6, 10, -4, 9, -2, 9, 0, 10, 1, 11,
X	31, 31, 4, 10, 4, 2, 31, 31, 5, 9, 5, 3, 31, 31, 6, 10,
X	6, 2, -1, 2, -4, 1, -6, -1, -7, -4, -7, -9, 31, 31, -7, -9,
X	-4, -7, 0, -6, 4, -6, 7, -7, 31, 31, -2, -7, 3, -7, 6, -8,
X	31, 31, -7, -9, -3, -8, 3, -8, 6, -9, 7, -7};
Xstatic char c308[115] = {
X	56, -10, 12,			/*, 7, 30, 3, */
X	-6, 10, -5, 10, -3, 11, -2, 12, 0, 11, 4, 10, 6, 10, 31, 31,
X	-3, 10, -1, 11, 31, 31, -6, 10, -4, 9, -2, 9, 0, 11, 31, 31,
X	4, 10, 4, 3, 31, 31, 5, 9, 5, 4, 31, 31, 6, 10, 6, 3,
X	4, 3, 1, 2, -1, 1, 31, 31, -1, 2, 1, 1, 4, 0, 6, 0,
X	6, -7, 31, 31, 5, -1, 5, -6, 31, 31, 4, 0, 4, -7, 31, 31,
X	-7, -7, -5, -6, -3, -6, -1, -7, 0, -8, 31, 31, -3, -7, -1, -8,
X	31, 31, -7, -7, -5, -7, -3, -8, -2, -9, 0, -8, 4, -7, 6, -7};
Xstatic char c309[77] = {
X	37, -10, 12,			/*, 7, 31, 4, */
X	3, 12, -7, 2, -7, -3, 7, -3, 8, -4, 8, -2, 7, -3, 31, 31,
X	-6, 2, -6, -2, 31, 31, -5, 4, -5, -3, 31, 31, 2, 11, 2, -6,
X	0, -7, 31, 31, 3, 8, 4, 10, 3, 11, 3, -7, 5, -8, 31, 31,
X	3, 12, 5, 10, 4, 8, 4, -6, 6, -7, 7, -7, 31, 31, 0, -7,
X	1, -7, 3, -8, 4, -9, 5, -8, 7, -7};
Xstatic char c310[107] = {
X	52, -10, 12,			/*, 7, 32, 5, */
X	-6, 12, -6, 2, 31, 31, -6, 12, 6, 12, 31, 31, -5, 11, 4, 11,
X	31, 31, -6, 10, 3, 10, 5, 11, 6, 12, 31, 31, 4, 5, 3, 4,
X	1, 3, -3, 2, -6, 2, 31, 31, 1, 3, 2, 3, 4, 2, 4, -7,
X	31, 31, 3, 4, 5, 3, 5, -6, 31, 31, 4, 5, 5, 4, 7, 3,
X	8, 3, 6, 2, 6, -7, 31, 31, -7, -7, -5, -6, -3, -6, -1, -7,
X	0, -8, 31, 31, -3, -7, -1, -8, 31, 31, -7, -7, -5, -7, -3, -8,
X	-2, -9, 0, -8, 4, -7, 6, -7};
Xstatic char c311[119] = {
X	58, -10, 12,			/*, 7, 33, 6, */
X	-6, 10, -6, -6, -8, -7, 31, 31, -5, 9, -5, -6, -2, -8, 31, 31,
X	-4, 10, -4, -6, -2, -7, -1, -8, 31, 31, -6, 10, -4, 10, 0, 11,
X	2, 12, 3, 11, 5, 10, 6, 10, 31, 31, 1, 11, 3, 10, 31, 31,
X	0, 11, 2, 9, 4, 9, 6, 10, 31, 31, -4, 2, -3, 2, 1, 3,
X	3, 4, 4, 5, 31, 31, 1, 3, 2, 3, 4, 2, 4, -7, 31, 31,
X	3, 4, 5, 2, 5, -6, 31, 31, 4, 5, 5, 4, 7, 3, 8, 3,
X	6, 2, 6, -7, 31, 31, -8, -7, -6, -7, -4, -8, -3, -9, -1, -8,
X	4, -7, 6, -7};
Xstatic char c312[79] = {
X	38, -10, 12,			/*, 7, 34, 7, */
X	-8, 10, -5, 12, -2, 11, 3, 11, 7, 12, 31, 31, -6, 11, -3, 10,
X	2, 10, 5, 11, 31, 31, -8, 10, -7, 10, -4, 9, 1, 9, 4, 10,
X	7, 12, 31, 31, 7, 12, 6, 10, 4, 7, 0, 3, -2, 0, -3, -3,
X	-3, -6, -2, -9, 31, 31, -1, 1, -2, -2, -2, -5, -1, -8, 31, 31,
X	2, 5, 0, 2, -1, -1, -1, -4, 0, -7, -2, -9};
Xstatic char c313[143] = {
X	70, -10, 12,			/*, 7, 35, 8, */
X	-6, 9, -6, 3, 31, 31, -5, 8, -5, 4, 31, 31, -4, 9, -4, 3,
X	31, 31, -6, 9, -4, 9, 1, 10, 3, 11, 4, 12, 31, 31, 1, 10,
X	2, 10, 4, 9, 4, 3, 31, 31, 3, 11, 5, 10, 5, 4, 31, 31,
X	4, 12, 5, 11, 7, 10, 8, 10, 6, 9, 6, 3, 31, 31, -6, 3,
X	-4, 3, 4, 0, 6, 0, 31, 31, 6, 3, 4, 3, -4, 0, -6, 0,
X	31, 31, -6, 0, -6, -6, -8, -7, 31, 31, -5, -1, -5, -6, -2, -8,
X	31, 31, -4, 0, -4, -6, -2, -7, -1, -8, 31, 31, 4, 0, 4, -7,
X	31, 31, 5, -1, 5, -6, 31, 31, 6, 0, 6, -7, 31, 31, -8, -7,
X	-6, -7, -4, -8, -3, -9, -1, -8, 4, -7, 6, -7};
Xstatic char c314[121] = {
X	59, -10, 12,			/*, 7, 36, 9, */
X	-6, 10, -6, 1, -8, 0, 31, 31, -5, 9, -5, 0, -3, -1, 31, 31,
X	-4, 10, -4, 1, -2, 0, -1, 0, 31, 31, -6, 10, -4, 10, 1, 11,
X	3, 12, 31, 31, 1, 11, 2, 10, 4, 9, 4, -7, 31, 31, 2, 11,
X	5, 9, 5, -6, 31, 31, 3, 12, 4, 11, 6, 10, 8, 10, 6, 9,
X	6, -7, 31, 31, -8, 0, -7, 0, -5, -1, -4, -2, -3, -1, -1, 0,
X	3, 1, 4, 1, 31, 31, -7, -7, -5, -6, -3, -6, -1, -7, 0, -8,
X	31, 31, -3, -7, -1, -8, 31, 31, -7, -7, -5, -7, -3, -8, -2, -9,
X	0, -8, 4, -7, 6, -7};
Xstatic char c315[25] = {
X	11, -4, 6,			/*, 3, 63, ;  */
X	0, 5, -1, 4, 0, 3, 1, 4, 0, 5, 31, 31, 0, -7, -1, -8,
X	0, -9, 1, -8, 0, -7};
Xstatic char c316[29] = {
X	13, -4, 6,			/*, 1, 63, ;  */
X	0, 5, -1, 4, 0, 3, 1, 4, 0, 5, 31, 31, 0, -9, -1, -8,
X	0, -7, 1, -8, 1, -10, 0, -12, -1, -13};
Xstatic char c317[9] = {
X	3, -11, 13,			/*, 1, 58, <  */
X	8, 9, -8, 0, 8, -9};
Xstatic char c318[13] = {
X	5, -12, 12,			/*, 1, 44, =  */
X	-9, 3, 9, 3, 31, 31, -9, -3, 9, -3};
Xstatic char c319[9] = {
X	3, -11, 13,			/*, 1, 59, >  */
X	-8, 9, 8, 0, -8, -9};
Xstatic char c320[65] = {
X	31, -9, 11,			/*, 1, 51, ?  */
X	-5, 8, -4, 7, -5, 6, -6, 7, -6, 8, -5, 10, -4, 11, -2, 12,
X	1, 12, 4, 11, 5, 10, 6, 8, 6, 6, 5, 4, 4, 3, 0, 1,
X	0, -2, 31, 31, 1, 12, 3, 11, 4, 10, 5, 8, 5, 6, 4, 4,
X	2, 2, 31, 31, 0, -7, -1, -8, 0, -9, 1, -8, 0, -7};
Xstatic char c321[113] = {
X	55, -13, 14,			/*, 9, 53, _  */
X	5, 4, 4, 6, 2, 7, -1, 7, -3, 6, -4, 5, -5, 2, -5, -1,
X	-4, -3, -2, -4, 1, -4, 3, -3, 4, -1, 31, 31, -1, 7, -3, 5,
X	-4, 2, -4, -1, -3, -3, -2, -4, 31, 31, 5, 7, 4, -1, 4, -3,
X	6, -4, 8, -4, 10, -2, 11, 1, 11, 3, 10, 6, 9, 8, 7, 10,
X	5, 11, 2, 12, -1, 12, -4, 11, -6, 10, -8, 8, -9, 6, -10, 3,
X	-10, 0, -9, -3, -8, -5, -6, -7, -4, -8, -1, -9, 2, -9, 5, -8,
X	7, -7, 8, -6, 31, 31, 6, 7, 5, -1, 5, -3, 6, -4};
Xstatic char c322[121] = {
X	59, -12, 14,			/*, 8, 1, A  */
X	-6, 9, -4, 11, -2, 12, 0, 12, 1, 11, 8, -5, 9, -6, 11, -6,
X	31, 31, -1, 11, 0, 10, 7, -6, 8, -8, 9, -7, 7, -6, 31, 31,
X	-4, 11, -2, 11, -1, 10, 6, -6, 7, -8, 8, -9, 9, -9, 11, -6,
X	31, 31, -6, 5, -5, 6, -3, 7, -2, 7, -1, 6, 31, 31, -2, 6,
X	-2, 5, 31, 31, -5, 6, -3, 6, -2, 4, 31, 31, -11, -9, -9, -7,
X	-7, -6, -4, -6, -2, -7, 31, 31, -8, -7, -4, -7, -3, -8, 31, 31,
X	-11, -9, -8, -8, -5, -8, -4, -9, -2, -7, 31, 31, 0, 8, -6, -6,
X	31, 31, -4, -1, 4, -1};
Xstatic char c323[221] = {
X	109, -12, 15,			/*, 8, 2, B  */
X	-10, 10, -8, 12, -5, 12, -3, 11, -1, 12, 31, 31, -7, 11, -4, 11,
X	31, 31, -10, 10, -8, 11, -6, 10, -3, 10, -1, 12, 31, 31, -5, 7,
X	-6, 6, -7, 4, -7, 3, -9, 3, -10, 2, -10, 0, -9, 1, -7, 1,
X	-7, -5, 31, 31, -6, 5, -6, -3, 31, 31, -9, 2, -6, 2, 31, 31,
X	-5, 7, -5, -2, -6, -4, -7, -5, 31, 31, 0, 9, -1, 8, -2, 6,
X	-2, -3, 31, 31, -1, 7, -1, -1, 31, 31, 0, 9, 0, 0, -1, -2,
X	-2, -3, 31, 31, 0, 9, 6, 12, 8, 11, 9, 9, 9, 7, 7, 5,
X	3, 3, 31, 31, 6, 11, 8, 9, 8, 7, 31, 31, 4, 11, 6, 10,
X	7, 9, 7, 6, 5, 4, 31, 31, 5, 4, 8, 2, 9, 0, 9, -6,
X	31, 31, 7, 2, 8, 0, 8, -5, 31, 31, 5, 4, 6, 3, 7, 1,
X	7, -6, 31, 31, -8, -9, -5, -7, -2, -6, 2, -6, 5, -7, 31, 31,
X	-6, -8, -3, -7, 2, -7, 4, -8, 31, 31, -8, -9, -4, -8, 1, -8,
X	3, -9, 5, -7, 7, -6, 9, -6, 31, 31, 3, 3, 3, -6, 31, 31,
X	3, 0, 7, 0, 31, 31, 3, -3, 7, -3};
Xstatic char c324[139] = {
X	68, -13, 13,			/*, 8, 3, C  */
X	-4, 11, -6, 10, -8, 8, -9, 6, -10, 3, -10, -1, -9, -4, -8, -6,
X	-5, -8, -2, -9, 1, -9, 4, -8, 6, -7, 8, -5, 9, -3, 31, 31,
X	-8, 7, -9, 4, -9, -1, -7, -5, -4, -7, -1, -8, 2, -8, 5, -7,
X	31, 31, -4, 11, -6, 9, -7, 7, -8, 4, -8, 0, -7, -3, -4, -6,
X	-1, -7, 2, -7, 5, -6, 7, -5, 9, -3, 31, 31, -2, 8, -2, -4,
X	31, 31, -1, 8, -1, -2, 31, 31, 0, 9, 0, -1, -1, -3, -2, -4,
X	31, 31, -2, 8, 0, 9, 3, 12, 5, 11, 7, 11, 8, 12, 31, 31,
X	2, 11, 4, 10, 6, 10, 31, 31, 1, 10, 3, 9, 5, 9, 7, 10,
X	8, 12, 31, 31, 5, 9, 5, -6};
Xstatic char c325[145] = {
X	71, -11, 14,			/*, 8, 4, D  */
X	-9, 12, 5, 12, 7, 11, 8, 9, 8, -6, 31, 31, -7, 11, 5, 11,
X	7, 9, 7, -5, 31, 31, -9, 12, -8, 11, -6, 10, 5, 10, 6, 9,
X	6, -6, 31, 31, -3, 7, -4, 6, -5, 4, -5, 3, -7, 3, -8, 2,
X	-8, 0, -7, 1, -5, 1, -5, -4, 31, 31, -4, 5, -4, -2, 31, 31,
X	-7, 2, -4, 2, 31, 31, -3, 7, -3, -1, -4, -3, -5, -4, 31, 31,
X	-9, -9, -6, -7, -3, -6, 1, -6, 4, -7, 31, 31, -7, -8, -4, -7,
X	1, -7, 3, -8, 31, 31, -9, -9, -5, -8, 0, -8, 2, -9, 4, -7,
X	6, -6, 8, -6, 31, 31, 0, 10, 0, -6, 31, 31, 0, 5, 2, 4,
X	4, 4, 6, 5, 31, 31, 0, -1, 2, 0, 4, 0, 6, -1};
Xstatic char c326[189] = {
X	93, -11, 13,			/*, 8, 5, E  */
X	-9, 10, -7, 12, -5, 12, -3, 11, -1, 12, 31, 31, -6, 11, -4, 11,
X	31, 31, -9, 10, -7, 11, -5, 10, -3, 10, -1, 12, 31, 31, -4, 7,
X	-5, 6, -6, 4, -6, 3, -8, 3, -9, 2, -9, 0, -8, 1, -6, 1,
X	-6, -5, 31, 31, -5, 5, -5, -3, 31, 31, -8, 2, -5, 2, 31, 31,
X	-4, 7, -4, -2, -5, -4, -6, -5, 31, 31, -1, 5, 0, 8, 1, 10,
X	2, 11, 4, 12, 6, 12, 9, 11, 31, 31, 2, 10, 4, 11, 6, 11,
X	8, 10, 31, 31, 0, 8, 1, 9, 3, 10, 5, 10, 7, 9, 9, 11,
X	31, 31, -1, -3, 0, 0, 1, 2, 2, 3, 4, 3, 6, 2, 31, 31,
X	2, 2, 4, 2, 5, 1, 31, 31, 0, 0, 1, 1, 3, 1, 4, 0,
X	6, 2, 31, 31, -7, -9, -4, -7, 0, -6, 5, -6, 9, -7, 31, 31,
X	-5, -8, -2, -7, 5, -7, 8, -8, 31, 31, -7, -9, -3, -8, 4, -8,
X	7, -9, 9, -7, 31, 31, -1, 5, -1, -6};
Xstatic char c327[183] = {
X	90, -12, 13,			/*, 8, 6, F  */
X	-8, 10, -6, 12, -3, 12, -1, 11, 1, 12, 31, 31, -5, 11, -2, 11,
X	31, 31, -8, 10, -6, 11, -4, 10, -1, 10, 1, 12, 31, 31, -2, 7,
X	-3, 6, -4, 4, -4, 3, -6, 3, -7, 2, -7, 0, -6, 1, -4, 1,
X	-4, -4, 31, 31, -3, 5, -3, -2, 31, 31, -6, 2, -3, 2, 31, 31,
X	-2, 7, -2, -1, -3, -3, -4, -4, 31, 31, 1, 8, 1, -7, 0, -8,
X	-1, -8, -5, -6, -7, -6, -9, -7, -11, -9, 31, 31, 2, 8, 2, -6,
X	31, 31, 2, 2, 6, 2, 31, 31, -2, -8, -3, -8, -5, -7, -8, -7,
X	31, 31, 3, 9, 3, 3, 6, 3, 31, 31, 6, 1, 3, 1, 3, -5,
X	2, -7, -2, -9, -4, -9, -6, -8, -8, -8, -11, -9, 31, 31, 1, 8,
X	3, 9, 6, 12, 8, 11, 10, 11, 11, 12, 31, 31, 5, 11, 7, 10,
X	9, 10, 31, 31, 4, 10, 6, 9, 8, 9, 10, 10, 11, 12, 31, 31,
X	6, 9, 6, -5};
Xstatic char c328[175] = {
X	86, -13, 14,			/*, 8, 7, G  */
X	-4, 11, -6, 10, -8, 8, -9, 6, -10, 3, -10, 0, -9, -3, -8, -5,
X	-6, -7, -4, -8, -1, -9, 3, -9, 6, -8, 8, -6, 9, -4, 9, -1,
X	8, 1, 7, 2, 5, 3, 3, 3, 31, 31, -8, 7, -9, 4, -9, -1,
X	-8, -4, 31, 31, -4, 11, -6, 9, -7, 7, -8, 4, -8, -1, -7, -4,
X	-6, -6, -4, -8, 31, 31, 7, -6, 8, -5, 8, -1, 7, 1, 31, 31,
X	3, -9, 5, -8, 6, -7, 7, -5, 7, -1, 6, 1, 5, 2, 3, 3,
X	31, 31, -2, 8, -2, -5, 31, 31, -1, 8, -1, -3, 31, 31, 0, 9,
X	0, -2, -1, -4, -2, -5, 31, 31, -2, 8, 0, 9, 3, 12, 5, 11,
X	7, 11, 8, 12, 31, 31, 2, 11, 4, 10, 6, 10, 31, 31, 1, 10,
X	3, 9, 5, 9, 7, 10, 8, 12, 31, 31, 7, 10, 3, 3, 3, -9,
X	31, 31, 3, -1, 7, -1, 31, 31, 3, -4, 7, -4};
Xstatic char c329[225] = {
X	111, -12, 14,			/*, 8, 8, H  */
X	-10, 10, -8, 12, -5, 12, -3, 11, -1, 12, 31, 31, -7, 11, -4, 11,
X	31, 31, -10, 10, -8, 11, -6, 10, -3, 10, -1, 12, 31, 31, -5, 7,
X	-6, 6, -7, 4, -7, 3, -9, 3, -10, 2, -10, 0, -9, 1, -7, 1,
X	-7, -5, 31, 31, -6, 5, -6, -3, 31, 31, -9, 2, -6, 2, 31, 31,
X	-5, 7, -5, -2, -6, -4, -7, -5, 31, 31, -8, -9, -5, -7, -2, -6,
X	1, -6, 3, -7, 31, 31, -6, -8, -3, -7, 0, -7, 2, -8, 31, 31,
X	-8, -9, -4, -8, -1, -8, 1, -9, 3, -7, 31, 31, 0, 9, -1, 8,
X	-2, 6, -2, -3, 31, 31, -1, 7, -1, -1, 31, 31, 0, 9, 0, 0,
X	-1, -2, -2, -3, 31, 31, 0, 9, 2, 11, 4, 12, 6, 12, 8, 11,
X	31, 31, 5, 11, 6, 11, 7, 10, 31, 31, 2, 11, 4, 11, 6, 9,
X	8, 11, 31, 31, 3, 3, 5, 4, 7, 6, 8, 5, 9, 2, 9, -2,
X	8, -6, 6, -9, 31, 31, 6, 5, 7, 4, 8, 2, 8, -3, 7, -6,
X	31, 31, 5, 4, 6, 4, 7, 2, 7, -3, 6, -9, 31, 31, 3, 3,
X	3, -7, 31, 31, 3, 0, 7, 0, 31, 31, 3, -3, 7, -3};
Xstatic char c330[135] = {
X	66, -11, 12,			/*, 8, 9, I  */
X	-6, 10, -4, 12, -1, 12, 2, 11, 4, 12, 31, 31, -3, 11, 1, 11,
X	31, 31, -6, 10, -4, 11, -1, 10, 2, 10, 4, 12, 31, 31, 1, 7,
X	0, 6, -1, 4, -1, 3, -3, 3, -4, 2, -4, 0, -3, 1, -1, 1,
X	-1, -4, 31, 31, 0, 5, 0, -2, 31, 31, -3, 2, 0, 2, 31, 31,
X	1, 7, 1, -1, 0, -3, -1, -4, 31, 31, 7, 10, 5, 8, 4, 5,
X	4, -6, 3, -8, 1, -8, -3, -6, -5, -6, -7, -7, -9, -9, 31, 31,
X	5, 7, 5, -5, 31, 31, 0, -8, -1, -8, -3, -7, -6, -7, 31, 31,
X	7, 10, 6, 8, 6, -4, 5, -6, 3, -8, 1, -9, -2, -9, -4, -8,
X	-7, -8, -9, -9};
Xstatic char c331[123] = {
X	60, -10, 12,			/*, 8, 10, J  */
X	-6, 10, -4, 12, -1, 12, 2, 11, 4, 12, 31, 31, -3, 11, 1, 11,
X	31, 31, -6, 10, -4, 11, -1, 10, 2, 10, 4, 12, 31, 31, 1, 7,
X	0, 6, -1, 4, -1, 3, -3, 3, -4, 2, -4, 0, -3, 1, -1, 1,
X	-1, -4, 31, 31, 0, 5, 0, -2, 31, 31, -3, 2, 0, 2, 31, 31,
X	1, 7, 1, -1, 0, -3, -1, -4, 31, 31, 7, 10, 5, 8, 4, 5,
X	4, -6, 3, -8, 31, 31, 5, 7, 5, -5, 31, 31, 7, 10, 6, 8,
X	6, -4, 5, -6, 3, -8, 0, -9, -3, -9, -6, -8, -7, -7, -8, -5,
X	-8, -4, -7, -3, -6, -4, -7, -5};
Xstatic char c332[231] = {
X	114, -12, 14,			/*, 8, 11, K  */
X	-10, 10, -8, 12, -5, 12, -3, 11, -1, 12, 31, 31, -7, 11, -4, 11,
X	31, 31, -10, 10, -8, 11, -6, 10, -3, 10, -1, 12, 31, 31, -5, 7,
X	-6, 6, -7, 4, -7, 3, -9, 3, -10, 2, -10, 0, -9, 1, -7, 1,
X	-7, -5, 31, 31, -6, 5, -6, -3, 31, 31, -9, 2, -6, 2, 31, 31,
X	-5, 7, -5, -2, -6, -4, -7, -5, 31, 31, -8, -9, -5, -7, -2, -6,
X	1, -6, 3, -7, 31, 31, -6, -8, -4, -7, 0, -7, 2, -8, 31, 31,
X	-8, -9, -4, -8, -1, -8, 1, -9, 3, -7, 31, 31, 0, 9, -1, 8,
X	-2, 6, -2, -3, 31, 31, -1, 7, -1, -1, 31, 31, 0, 9, 0, 0,
X	-1, -2, -2, -3, 31, 31, 0, 9, 2, 11, 4, 12, 6, 12, 8, 11,
X	31, 31, 5, 11, 6, 11, 7, 10, 31, 31, 2, 11, 4, 11, 6, 9,
X	8, 11, 31, 31, 3, 3, 6, 6, 7, 5, 9, 4, 31, 31, 5, 5,
X	7, 4, 9, 4, 31, 31, 9, 4, 7, 1, 5, -1, 3, -3, 31, 31,
X	5, -1, 7, -2, 8, -6, 9, -8, 10, -8, 31, 31, 7, -4, 8, -8,
X	31, 31, 5, -1, 6, -2, 7, -8, 8, -9, 9, -9, 10, -8, 31, 31,
X	3, 3, 3, -7};
Xstatic char c333[171] = {
X	84, -11, 13,			/*, 8, 12, L  */
X	-9, 10, -7, 12, -4, 12, -2, 11, 0, 12, 31, 31, -6, 11, -3, 11,
X	31, 31, -9, 10, -7, 11, -5, 10, -2, 10, 0, 12, 31, 31, -4, 7,
X	-5, 6, -6, 4, -6, 3, -8, 3, -9, 2, -9, 0, -8, 1, -6, 1,
X	-6, -5, 31, 31, -5, 5, -5, -3, 31, 31, -8, 2, -5, 2, 31, 31,
X	-4, 7, -4, -2, -5, -4, -6, -5, 31, 31, -7, -9, -4, -7, 0, -6,
X	5, -6, 9, -7, 31, 31, -5, -8, -2, -7, 5, -7, 8, -8, 31, 31,
X	-7, -9, -3, -8, 4, -8, 7, -9, 9, -7, 31, 31, 1, 9, 0, 8,
X	-1, 6, -1, -3, 31, 31, 0, 7, 0, -1, 31, 31, 1, 9, 1, 0,
X	0, -2, -1, -3, 31, 31, 1, 9, 3, 11, 5, 12, 7, 12, 9, 11,
X	31, 31, 6, 11, 7, 11, 8, 10, 31, 31, 3, 11, 5, 11, 7, 9,
X	9, 11, 31, 31, 5, 11, 5, -6};
Xstatic char c334[215] = {
X	106, -14, 16,			/*, 8, 13, M  */
X	-6, 8, -7, 7, -8, 5, -8, 3, -10, 3, -11, 2, -11, 0, -10, 1,
X	-8, 1, -8, -3, 31, 31, -7, 6, -7, -1, 31, 31, -10, 2, -7, 2,
X	31, 31, -6, 8, -6, 0, -7, -2, -8, -3, 31, 31, -13, -9, -11, -7,
X	-9, -6, -7, -6, -5, -7, -4, -7, -3, -6, 31, 31, -10, -7, -7, -7,
X	-5, -8, 31, 31, -13, -9, -11, -8, -8, -8, -6, -9, -5, -9, -4, -8,
X	-3, -6, 31, 31, -6, 8, -2, 12, 2, 8, 2, -5, 3, -7, 4, -7,
X	31, 31, -2, 11, 1, 8, 1, -6, 0, -7, 1, -8, 2, -7, 1, -6,
X	31, 31, -2, 2, 1, 2, 31, 31, -4, 10, -3, 10, 0, 7, 0, 3,
X	-3, 3, 31, 31, -3, 1, 0, 1, 0, -6, -1, -7, 1, -9, 4, -7,
X	5, -6, 31, 31, 2, 8, 6, 12, 10, 8, 10, -5, 11, -7, 12, -7,
X	31, 31, 6, 11, 9, 8, 9, -6, 11, -8, 31, 31, 6, 2, 9, 2,
X	31, 31, 4, 10, 5, 10, 8, 7, 8, 3, 5, 3, 31, 31, 5, 1,
X	8, 1, 8, -7, 10, -9, 12, -7, 31, 31, -3, 10, -3, -6, 31, 31,
X	5, 10, 5, -6};
Xstatic char c335[169] = {
X	83, -12, 14,			/*, 8, 14, N  */
X	-11, 9, -9, 11, -7, 12, -5, 12, -3, 11, -1, 8, 4, -3, 6, -6,
X	7, -7, 31, 31, -5, 11, -3, 9, -2, 7, 4, -5, 7, -8, 31, 31,
X	-9, 11, -7, 11, -5, 10, -3, 7, 2, -4, 4, -7, 5, -8, 7, -9,
X	31, 31, 4, 10, 6, 9, 8, 9, 10, 10, 11, 12, 31, 31, 5, 11,
X	7, 10, 9, 10, 31, 31, 4, 10, 6, 12, 8, 11, 10, 11, 11, 12,
X	31, 31, -7, 3, -9, 3, -10, 2, -10, 0, -9, 1, -7, 1, 31, 31,
X	-9, 2, -7, 2, 31, 31, -11, -9, -9, -7, -7, -6, -4, -6, -2, -7,
X	31, 31, -8, -7, -5, -7, -3, -8, 31, 31, -11, -9, -8, -8, -5, -8,
X	-4, -9, -2, -7, 31, 31, -7, 11, -7, -6, 31, 31, 7, 9, 7, -9,
X	31, 31, 0, 6, 1, 5, 3, 4, 5, 4, 7, 5, 31, 31, -7, -2,
X	-5, -1, -1, -1, 1, -2};
Xstatic char c336[159] = {
X	78, -13, 15,			/*, 8, 15, O  */
X	-4, 12, -6, 11, -8, 9, -9, 7, -10, 4, -10, 0, -9, -3, -8, -5,
X	-6, -7, -4, -8, -1, -9, 1, -9, 4, -8, 6, -7, 8, -5, 9, -3,
X	10, 0, 10, 4, 9, 7, 8, 9, 6, 11, 4, 12, 3, 11, 0, 9,
X	-3, 8, 31, 31, -8, 8, -9, 5, -9, -1, -8, -4, 31, 31, -4, 12,
X	-6, 10, -7, 8, -8, 5, -8, -1, -7, -4, -6, -6, -4, -8, 31, 31,
X	8, -4, 9, -1, 9, 5, 7, 9, 6, 10, 31, 31, 4, -8, 6, -6,
X	7, -4, 8, -1, 8, 5, 7, 7, 5, 10, 3, 11, 31, 31, -3, 8,
X	-3, -5, 31, 31, -2, 8, -2, -3, 31, 31, -1, 8, -1, -2, -2, -4,
X	-3, -5, 31, 31, 3, 11, 3, -8, 31, 31, 3, 5, 5, 4, 6, 4,
X	8, 5, 31, 31, 3, -1, 5, 0, 6, 0, 8, -1};
Xstatic char c337[141] = {
X	69, -10, 14,			/*, 8, 16, P  */
X	-7, 12, -6, 11, -5, 9, -5, 3, -7, 3, -8, 2, -8, 0, -7, 1,
X	-5, 1, -5, -7, -8, -9, -5, -8, -5, -16, -3, -14, 31, 31, -5, 10,
X	-4, 8, -4, -14, 31, 31, -7, 2, -4, 2, 31, 31, -7, 12, -5, 11,
X	-4, 10, -3, 8, -3, -14, 31, 31, -3, 7, 0, 9, 4, 12, 8, 8,
X	8, -6, 31, 31, 4, 11, 7, 8, 7, -6, 31, 31, 2, 10, 3, 10,
X	6, 7, 6, -7, 31, 31, 0, -6, 3, -6, 6, -7, 31, 31, 1, -7,
X	3, -7, 5, -8, 31, 31, 0, -8, 2, -8, 4, -9, 6, -7, 8, -6,
X	31, 31, 0, 9, 0, -13, 31, 31, 0, 5, 2, 4, 4, 4, 6, 5,
X	31, 31, 0, -1, 2, 0, 4, 0, 6, -1};
Xstatic char c338[199] = {
X	98, -13, 15,			/*, 8, 17, Q  */
X	-4, 12, -6, 11, -8, 9, -9, 7, -10, 4, -10, 0, -9, -3, -8, -5,
X	-6, -7, -4, -8, -2, -9, 2, -9, 4, -8, 6, -7, 8, -5, 9, -3,
X	10, 0, 10, 4, 9, 7, 8, 9, 6, 11, 4, 12, 3, 11, 0, 9,
X	-3, 8, 31, 31, -8, 8, -9, 5, -9, -1, -8, -4, 31, 31, -4, 12,
X	-6, 10, -7, 8, -8, 5, -8, -1, -7, -4, -6, -6, -4, -8, 31, 31,
X	8, -4, 9, -1, 9, 5, 7, 9, 6, 10, 31, 31, 4, -8, 6, -6,
X	7, -4, 8, -1, 8, 5, 7, 7, 5, 10, 3, 11, 31, 31, -3, 8,
X	-3, -5, 31, 31, -2, 8, -2, -3, 31, 31, -1, 8, -1, -2, -2, -4,
X	-3, -5, 31, 31, 3, 11, 3, -8, 31, 31, 3, 5, 5, 4, 6, 4,
X	8, 5, 31, 31, 3, -1, 5, 0, 6, 0, 8, -1, 31, 31, -2, -9,
X	-1, -8, 0, -8, 2, -9, 6, -14, 8, -15, 9, -15, 31, 31, 2, -10,
X	4, -13, 6, -15, 7, -15, 31, 31, 0, -8, 1, -9, 4, -15, 6, -16,
X	8, -16, 9, -15};
Xstatic char c339[217] = {
X	107, -12, 15,			/*, 8, 18, R  */
X	-10, 10, -8, 12, -5, 12, -3, 11, -1, 12, 31, 31, -7, 11, -4, 11,
X	31, 31, -10, 10, -8, 11, -6, 10, -3, 10, -1, 12, 31, 31, -5, 7,
X	-6, 6, -7, 4, -7, 3, -9, 3, -10, 2, -10, 0, -9, 1, -7, 1,
X	-7, -5, 31, 31, -6, 5, -6, -3, 31, 31, -9, 2, -6, 2, 31, 31,
X	-5, 7, -5, -2, -6, -4, -7, -5, 31, 31, -8, -9, -5, -7, -2, -6,
X	0, -6, 3, -7, 31, 31, -6, -8, -4, -7, 0, -7, 2, -8, 31, 31,
X	-8, -9, -4, -8, -1, -8, 1, -9, 3, -7, 31, 31, 0, 9, -1, 8,
X	-2, 6, -2, -3, 31, 31, -1, 7, -1, -1, 31, 31, 0, 9, 0, 0,
X	-1, -2, -2, -3, 31, 31, 0, 9, 3, 11, 5, 12, 7, 11, 8, 9,
X	8, 6, 7, 4, 6, 3, 2, 1, 0, 0, 31, 31, 5, 11, 6, 11,
X	7, 9, 7, 5, 6, 4, 31, 31, 3, 11, 5, 10, 6, 8, 6, 5,
X	5, 3, 2, 1, 31, 31, 2, 1, 4, 0, 5, -1, 8, -6, 9, -7,
X	10, -7, 31, 31, 5, -2, 7, -6, 9, -8, 31, 31, 2, 1, 4, -1,
X	6, -7, 8, -9, 10, -7};
Xstatic char c340[189] = {
X	93, -11, 14,			/*, 8, 19, S  */
X	3, 9, 2, 10, 0, 11, -3, 12, 31, 31, 4, 10, 2, 11, 31, 31,
X	5, 11, 1, 12, -3, 12, -6, 11, -7, 10, -8, 8, -7, 6, -6, 5,
X	-3, 4, 5, 4, 7, 3, 8, 2, 8, 0, 7, -3, 31, 31, -7, 7,
X	-6, 6, -3, 5, 6, 5, 8, 4, 9, 3, 9, 1, 8, -1, 31, 31,
X	-7, 10, -7, 8, -6, 7, -3, 6, 7, 6, 9, 5, 10, 3, 10, 1,
X	7, -3, 3, -9, 31, 31, -9, 3, -8, 2, -6, 1, 3, 1, 4, 0,
X	4, -1, 3, -3, 31, 31, -8, 1, -6, 0, 2, 0, 3, -1, 31, 31,
X	-9, 3, -9, 2, -8, 0, -6, -1, 1, -1, 3, -2, 3, -3, 31, 31,
X	-9, -9, -6, -7, -2, -6, 1, -6, 4, -7, 31, 31, -7, -8, -4, -7,
X	0, -7, 3, -8, 31, 31, -9, -9, -5, -8, 0, -8, 3, -9, 31, 31,
X	5, 11, 3, 9, 1, 6, 31, 31, 0, 4, -2, 1, 31, 31, -3, -1,
X	-5, -3, -7, -4, -8, -4, -8, -3, -7, -4};
Xstatic char c341[143] = {
X	70, -13, 13,			/*, 8, 20, T  */
X	-8, 8, -9, 6, -10, 3, -10, -1, -9, -4, -7, -7, -5, -8, -2, -9,
X	1, -9, 4, -8, 6, -7, 8, -5, 9, -3, 31, 31, -9, -1, -8, -4,
X	-6, -6, -4, -7, -1, -8, 2, -8, 5, -7, 31, 31, -8, 8, -9, 5,
X	-9, 1, -8, -2, -6, -5, -4, -6, -1, -7, 2, -7, 5, -6, 7, -5,
X	9, -3, 31, 31, -10, 9, -9, 11, -7, 12, -3, 12, 3, 11, 7, 11,
X	9, 12, 31, 31, -2, 11, 2, 10, 6, 10, 31, 31, -10, 9, -9, 10,
X	-7, 11, -4, 11, 2, 9, 5, 9, 7, 10, 9, 12, 31, 31, 1, 9,
X	0, 8, -2, 7, -2, -4, 31, 31, -1, 7, -1, -2, 31, 31, 0, 8,
X	0, -1, -1, -3, -2, -4, 31, 31, 5, 9, 5, -6};
Xstatic char c342[179] = {
X	88, -12, 14,			/*, 8, 21, U  */
X	-10, 10, -8, 12, -6, 12, -3, 11, -1, 12, 31, 31, -7, 11, -4, 11,
X	31, 31, -10, 10, -8, 11, -5, 10, -3, 10, -1, 12, 31, 31, -7, 8,
X	-8, 6, -9, 3, -9, -1, -8, -4, -7, -6, -5, -8, -2, -9, 1, -9,
X	4, -8, 6, -7, 8, -9, 10, -7, 31, 31, -8, -1, -7, -4, -4, -7,
X	-1, -8, 2, -8, 31, 31, -7, 8, -8, 4, -8, 1, -7, -2, -6, -4,
X	-4, -6, -1, -7, 3, -7, 6, -6, 31, 31, 3, 9, -1, 8, -2, 6,
X	-2, -4, 31, 31, -1, 7, -1, -2, 31, 31, 0, 8, 0, -1, -1, -3,
X	-2, -4, 31, 31, 3, 9, 5, 10, 7, 12, 8, 11, 10, 10, 8, 9,
X	8, -5, 9, -7, 10, -7, 31, 31, 7, 9, 8, 10, 7, 11, 6, 10,
X	7, 9, 7, -6, 9, -8, 31, 31, 5, 10, 6, 9, 6, -6, 31, 31,
X	3, 9, 3, -7, 31, 31, 3, 4, 6, 4, 31, 31, 3, 0, 6, 0};
Xstatic char c343[145] = {
X	71, -11, 14,			/*, 8, 22, V  */
X	-8, 12, -7, 11, -6, 9, -6, 3, -8, 3, -9, 2, -9, 0, -8, 1,
X	-6, 1, -6, -6, -8, -7, 31, 31, -6, 10, -5, 8, -5, -6, 31, 31,
X	-8, 2, -5, 2, 31, 31, -4, -7, -1, -7, 1, -8, 31, 31, -8, 12,
X	-6, 11, -5, 10, -4, 8, -4, -6, 0, -6, 3, -7, 31, 31, -8, -7,
X	-5, -7, -2, -8, 0, -9, 3, -7, 6, -6, 8, -6, 31, 31, 0, 8,
X	3, 9, 5, 10, 7, 12, 8, 11, 10, 10, 8, 9, 8, -6, 31, 31,
X	7, 9, 8, 10, 7, 11, 6, 10, 7, 9, 7, -5, 31, 31, 5, 10,
X	6, 9, 6, -6, 31, 31, 0, 8, 0, -6, 31, 31, 0, 5, 2, 4,
X	4, 4, 6, 5, 31, 31, 0, -1, 2, 0, 4, 0, 6, -1};
Xstatic char c344[191] = {
X	94, -14, 16,			/*, 8, 23, W  */
X	-10, 12, -9, 11, -8, 9, -8, 3, -10, 3, -11, 2, -11, 0, -10, 1,
X	-8, 1, -8, -6, -10, -7, 31, 31, -8, 10, -7, 8, -7, -6, 31, 31,
X	-10, 2, -7, 2, 31, 31, -6, -7, -4, -7, -2, -8, 31, 31, -10, 12,
X	-8, 11, -7, 10, -6, 8, -6, -6, -3, -6, -1, -7, 31, 31, -10, -7,
X	-7, -7, -4, -8, -3, -9, -1, -7, 2, -6, 4, -7, 5, -9, 7, -7,
X	10, -6, 31, 31, -3, 10, 0, 12, 2, 10, 2, -6, 5, -6, 7, -7,
X	31, 31, 0, 11, 1, 10, 1, -6, 31, 31, -3, 10, -1, 10, 0, 9,
X	0, -6, -1, -7, 31, 31, 5, -7, 6, -8, 31, 31, 5, 10, 8, 12,
X	10, 10, 10, -6, 31, 31, 8, 11, 9, 10, 9, -6, 31, 31, 5, 10,
X	7, 10, 8, 9, 8, -6, 7, -7, 31, 31, -3, 10, -3, -6, 31, 31,
X	5, 10, 5, -6, 31, 31, -3, 4, 0, 4, 31, 31, -3, 0, 0, 0,
X	31, 31, 5, 4, 8, 4, 31, 31, 5, 0, 8, 0};
Xstatic char c345[131] = {
X	64, -11, 13,			/*, 8, 24, X  */
X	-10, 9, -8, 11, -6, 12, -4, 12, -3, 11, 5, -7, 6, -8, 8, -8,
X	31, 31, -5, 11, -4, 10, 4, -7, 5, -8, 31, 31, -8, 11, -6, 11,
X	-5, 10, 3, -8, 4, -9, 6, -9, 8, -8, 10, -6, 31, 31, 5, 12,
X	7, 11, 9, 11, 10, 12, 31, 31, 5, 11, 6, 10, 8, 10, 31, 31,
X	4, 10, 5, 9, 7, 9, 9, 10, 10, 12, 31, 31, -10, -9, -9, -7,
X	-7, -6, -5, -6, -4, -7, 31, 31, -8, -7, -6, -7, -5, -8, 31, 31,
X	-10, -9, -9, -8, -7, -8, -5, -9, 31, 31, 5, 12, 1, 3, 31, 31,
X	-1, 0, -5, -9, 31, 31, -6, 2, -2, 2, 31, 31, 1, 2, 6, 2};
Xstatic char c346[173] = {
X	85, -11, 14,			/*, 8, 25, Y  */
X	-8, 12, -7, 11, -6, 9, -6, 3, -8, 3, -9, 2, -9, 0, -8, 1,
X	-6, 1, -6, -6, -8, -7, 31, 31, -6, 10, -5, 8, -5, -6, 31, 31,
X	-8, 2, -5, 2, 31, 31, -4, -7, -1, -7, 1, -8, 31, 31, -8, 12,
X	-6, 11, -5, 10, -4, 8, -4, -6, 0, -6, 3, -7, 31, 31, -8, -7,
X	-5, -7, -2, -8, 0, -9, 3, -7, 6, -6, 31, 31, 0, 8, 3, 9,
X	5, 10, 7, 12, 8, 11, 10, 10, 8, 9, 8, -12, 7, -14, 5, -16,
X	3, -15, -1, -14, -6, -14, 31, 31, 7, 9, 8, 10, 7, 11, 6, 10,
X	7, 9, 7, -7, 31, 31, 5, 10, 6, 9, 6, -6, 8, -9, 31, 31,
X	6, -15, 4, -14, 1, -14, 31, 31, 7, -14, 4, -13, -2, -13, -6, -14,
X	31, 31, 0, 8, 0, -6, 31, 31, 0, 5, 2, 4, 4, 4, 6, 5,
END_OF_FILE
# end of 'lib/scribe.c.3'
fi
echo shar: End of archive 52 \(of 61\).
cp /dev/null ark52isdone
MISSING=""
for I in 1 2 3 4 5 6 7 8 9 10 11 12 13 14 15 16 17 18 19 20 \
	21 22 23 24 25 26 27 28 29 30 31 32 33 34 35 36 37 \
	38 39 40 41 42 43 44 45 46 47 48 49 50 51 52 53 54 \
	55 56 57 58 59 60 61 ; do
    if test ! -f ark${I}isdone ; then
	MISSING="${MISSING} ${I}"
    fi
done
if test "${MISSING}" = "" ; then
    echo You have unpacked all 61 archives.
    rm -f ark[1-9]isdone ark[1-9][0-9]isdone
else
    echo You still need to unpack the following archives:
    echo "        " ${MISSING}
fi
##  End of shell archive.
exit 0
